Simulation time, Job arrival rate, Throughput, Total jobs lost
2.7970465582839763,0.35751996942571906,0.0,0
3.1621605742159473,0.35751996942571906,0.0,0
8.520861091016544,0.23471806178234492,0.3162394750456176,0
10.712848319917692,0.23471806178234492,0.3162394750456176,0
12.63722562305706,0.2373938781726264,0.18669171263085393,0
14.352632512816221,0.2373938781726264,0.18669171263085393,0
20.143940717391605,0.19857087826646222,0.2090208884900482,0
20.672056056966557,0.19857087826646222,0.2090208884900482,0
38.06856919605775,0.1313419470600377,0.19349792729746326,0
38.91084685075519,0.1313419470600377,0.19349792729746326,0
43.50603021676357,0.13791191635057762,0.12849887382759337,0
44.155525810724896,0.13791191635057762,0.12849887382759337,0
57.218648535226045,0.12233773741948004,0.1358833326030208,0
57.30697898978419,0.12233773741948004,0.1358833326030208,0
58.5326582533652,0.13667583599861635,0.12214917141676326,0
61.404014082426805,0.13667583599861635,0.12214917141676326,0
62.705335224927495,0.14352845683252474,0.13028464212878743,0
65.3983148067559,0.1554086571642677,0.13028464212878743,1
69.47716674627827,0.15832539689147937,0.13761822497405185,1
69.93387531560336,0.15832539689147937,0.13761822497405185,1
83.41483819709936,0.14385929721095214,0.14299221879055288,1
84.59022121545713,0.14385929721095214,0.14299221879055288,1
93.90436500820259,0.1384387189974017,0.130038671633004,1
94.87397621545908,0.1384387189974017,0.130038671633004,1
104.60255251074533,0.13383994619597686,0.12648357830758525,1
104.95084672856501,0.13383994619597686,0.12648357830758525,1
121.84461011435026,0.12310762032003394,0.12386750946013782,1
122.64989493059376,0.12310762032003394,0.12386750946013782,1
129.03205912480135,0.12400019118136066,0.1141460415267575,1
129.81058330835853,0.12400019118136066,0.1141460415267575,1
135.44408847707734,0.1255130452066728,0.11555298202742262,1
136.88862108650133,0.1255130452066728,0.11555298202742262,1
139.0545960433078,0.12944555960159704,0.11688334554768752,1
139.54364117696718,0.12944555960159704,0.11688334554768752,1
144.89839385528563,0.13112636720442788,0.12182568733777593,1
147.1285976286029,0.13112636720442788,0.12182568733777593,1
191.6837316009727,0.10433853636381582,0.12234195316288847,1
191.82023519012472,0.10433853636381582,0.12234195316288847,1
201.86734050430562,0.10402871483588051,0.09905107238122163,1
202.44357772574313,0.10402871483588051,0.09905107238122163,1
208.92648944428097,0.1053001946211671,0.09879295863410717,1
209.6848433731164,0.1053001946211671,0.09879295863410717,1
211.1396254128665,0.10893265513294985,0.10015030014655033,1
211.22885386772344,0.10893265513294985,0.10015030014655033,1
222.78001468986832,0.10772959160367396,0.10415243749690052,1
225.60045493466646,0.10772959160367396,0.10415243749690052,1
236.7301510742765,0.10560547478447727,0.10195014902191028,1
241.551914976126,0.10560547478447727,0.10195014902191028,1
243.2157868897907,0.10690095545393802,0.09935752321554586,1
244.7548073981005,0.10690095545393802,0.09935752321554586,1
247.42090494779288,0.10912578306872309,0.10214303966392295,1
247.42318766745433,0.10912578306872309,0.10214303966392295,1
249.44477341763337,0.11224929517012147,0.10508311789655275,1
250.65812598047793,0.11224929517012147,0.10508311789655275,1
253.06264075599753,0.11459613285218871,0.1077164360596187,1
253.7850031289439,0.11459613285218871,0.1077164360596187,1
255.64560521613575,0.11734995395143398,0.11032960834873946,1
256.5615163358176,0.11734995395143398,0.11032960834873946,1
263.89298548016876,0.11747186058619058,0.11303332009482443,1
264.89314146668346,0.11747186058619058,0.11303332009482443,1
275.3691404780893,0.11620764746711401,0.11325321536787772,1
276.59916511321194,0.11620764746711401,0.11325321536787772,1
277.6737166951687,0.11884452152245842,0.11207553713082145,1
278.44089327604183,0.11884452152245842,0.11207553713082145,1
281.03913671486777,0.12097959165913316,0.11492564767875427,1
282.2110785467601,0.12097959165913316,0.11492564767875427,1
290.52738185417775,0.12047057243494966,0.11693375104171243,1
290.56572592975806,0.12047057243494966,0.11693375104171243,1
297.02557411262563,0.12120168476250326,0.11701311257962761,1
297.8643760180128,0.12423024768255546,0.11701311257962761,2
303.31261201137806,0.12528328363271132,0.11750314175832641,2
303.6400332432487,0.12528328363271132,0.11750314175832641,2
321.44172697183035,0.1213283675626151,0.11856144137344395,2
321.5581521872377,0.1213283675626151,0.11856144137344395,2
331.51069470315963,0.12065975740486046,0.11506472390242978,2
331.8274202057544,0.12065975740486046,0.11506472390242978,2
336.88172615294235,0.12170443457472145,0.11451735958540603,2
340.7671951426664,0.126555804260149,0.11451735958540603,4
357.20002970316756,0.1231802809102897,0.11444763626285143,4
358.3635251053683,0.1231802809102897,0.11444763626285143,4
360.48460798307684,0.12483195954406062,0.11161850243614763,4
361.2571871759306,0.12483195954406062,0.11161850243614763,4
368.1953561483953,0.12493367782036997,0.1134925517205923,4
368.47917797908184,0.12493367782036997,0.1134925517205923,4
373.5251636062909,0.1258282027005273,0.11398201719388414,4
374.44127986712414,0.1258282027005273,0.11398201719388414,4
378.54359202881943,0.12680177662694564,0.11483776579136565,4
378.9714154874242,0.12680177662694564,0.11483776579136565,4
398.3174466301463,0.12301745859879058,0.11610374345360117,4
399.0611838374175,0.12301745859879058,0.11610374345360117,4
406.6810917226044,0.12294645858309244,0.11276466322100012,4
406.74411148165166,0.12294645858309244,0.11276466322100012,4
413.9197690584351,0.12321228366553344,0.11309321684445596,4
415.83316744819604,0.12321228366553344,0.11309321684445596,4
430.15412859935225,0.12088690202583889,0.11302609719282482,4
430.5224433769526,0.12088690202583889,0.11302609719282482,4
432.9661987354061,0.1224114033723665,0.11149244537287138,4
435.12327580448925,0.1224114033723665,0.11149244537287138,4
443.68106533210084,0.12170904782601061,0.11261176481401747,4
443.95938705360385,0.12170904782601061,0.11261176481401747,4
461.4107515371763,0.1191996498060982,0.11262291429815624,4
461.9435539730175,0.1191996498060982,0.11262291429815624,4
463.57645845158606,0.12079992195256913,0.11040309916951228,4
464.50987535912134,0.12079992195256913,0.11040309916951228,4
468.19874299932087,0.12174317178823071,0.11194595154688115,4
469.1375503943806,0.12174317178823071,0.11194595154688115,4
473.396641153148,0.12251882450774823,0.11297326329014921,4
475.3006565870666,0.12251882450774823,0.11297326329014921,4
476.2240716680815,0.12389125940933494,0.11361229834553818,4
476.56201636051736,0.12389125940933494,0.11361229834553818,4
494.0859924525238,0.12143635099261661,0.11540995318937192,4
494.25012455383245,0.12143635099261661,0.11540995318937192,4
496.85972691836184,0.12277106936868483,0.1133029557666821,4
497.65722492874784,0.12277106936868483,0.1133029557666821,4
499.6103262668466,0.1240967144599914,0.11453666729777907,4
499.892946730743,0.1240967144599914,0.11453666729777907,4
514.4180471309626,0.12246848716013498,0.11602484167723315,4
515.8230890175391,0.12246848716013498,0.11602484167723315,4
526.7891505072809,0.12149073294005786,0.11438030064217204,4
527.2056204415865,0.12149073294005786,0.11438030064217204,4
535.8228126572498,0.1213087581651336,0.11380758791938544,4
537.1488447312086,0.1213087581651336,0.11380758791938544,4
538.8814323198678,0.12247592149514606,0.11356256389329972,4
540.2980872589218,0.12247592149514606,0.11356256389329972,4
542.7910698135045,0.12343607646864986,0.11475147046057993,4
542.8603551805844,0.12343607646864986,0.11475147046057993,4
545.751309787286,0.12459887641223238,0.11605194484876839,4
546.6149700429711,0.12459887641223238,0.11605194484876839,4
553.3859804806742,0.12468693178686277,0.11708424303668222,4
554.1034653048698,0.12468693178686277,0.11708424303668222,4
558.3967564521605,0.12535889435453249,0.11730661161672533,4
558.7591167858357,0.12535889435453249,0.11730661161672533,4
572.8176524802157,0.12394869413081197,0.11811887809482821,4
573.6579936001173,0.12394869413081197,0.11811887809482821,4
575.1841864456384,0.1251772939811252,0.11679432823645797,4
575.9389891439072,0.1251772939811252,0.11679432823645797,4
577.6082910883882,0.126383227398703,0.11806806151651102,4
579.0179792532175,0.126383227398703,0.11806806151651102,4
581.6731479795004,0.1272192128122922,0.11916728404356638,4
582.1143161507558,0.1272192128122922,0.11916728404356638,4
583.5829585043197,0.12851643268031593,0.12025129438986588,4
587.1742993496654,0.12851643268031593,0.12025129438986588,4
593.618351498114,0.12802838693951912,0.1209180988994873,4
594.676809725127,0.12802838693951912,0.1209180988994873,4
597.2230804411722,0.12893004728336963,0.12107416805656172,4
597.3657134346012,0.12893004728336963,0.12107416805656172,4
601.0161174716167,0.12978021342944035,0.12220319706713792,4
601.5479546303703,0.12978021342944035,0.12220319706713792,4
602.2847120651884,0.13116720118814743,0.12301596145476107,4
603.6670796463725,0.13116720118814743,0.12301596145476107,4
610.5179630306031,0.13103627549774466,0.12424066597094365,4
610.7202447165787,0.13103627549774466,0.12424066597094365,4
622.1476816211537,0.13019416835072864,0.12444323019825528,4
624.6786135498814,0.1315671729704356,0.12444323019825528,5
637.8019886113482,0.1301344327582161,0.12326338429041071,5
638.3262810045205,0.1301344327582161,0.12326338429041071,5
641.6349277289881,0.13091556642234362,0.12219456149800546,5
641.6976684751223,0.13091556642234362,0.12219456149800546,5
647.7454040587785,0.13122439691179472,0.12311093507278766,5
648.2034661595102,0.13122439691179472,0.12311093507278766,5
661.8888678405972,0.1299311775412899,0.12341803797191292,5
661.9461748360579,0.1299311775412899,0.12341803797191292,5
680.5015956692446,0.12784687141613413,0.12236644470384772,5
680.7620240762384,0.12784687141613413,0.12236644470384772,5
682.4802434528208,0.1289414614477164,0.12045325253163187,5
682.936348980252,0.1289414614477164,0.12045325253163187,5
689.897635070417,0.1290046457267764,0.12153402015273324,5
690.2965079154434,0.1290046457267764,0.12153402015273324,5
692.1834607859673,0.13002333210592162,0.12168683896962351,5
692.2135565103773,0.13002333210592162,0.12168683896962351,5
756.6483839360343,0.12026722310120334,0.12279447462500791,5
757.7384508314187,0.12026722310120334,0.12279447462500791,5
777.2292390188637,0.11836919583228278,0.11349562623572503,5
778.485451205242,0.11836919583228278,0.11349562623572503,5
794.6272407231138,0.11703600787127515,0.11175546038183196,5
795.3071918876727,0.11703600787127515,0.11175546038183196,5
806.1044505701434,0.11661019850903374,0.11064906855818916,5
808.1367897313137,0.11661019850903374,0.11064906855818916,5
808.7525189290159,0.11746485825577767,0.11012987050074825,5
810.405216340253,0.11746485825577767,0.11012987050074825,5
815.812252207233,0.11767413365056209,0.1110555536728098,5
817.9898909050265,0.11767413365056209,0.1110555536728098,5
819.1003871280517,0.11842260304637822,0.111248318606135,5
819.1385121207004,0.11842260304637822,0.111248318606135,5
820.7695015136993,0.11940014805528723,0.1123131175481147,5
822.4501793049699,0.11940014805528723,0.1123131175481147,5
834.4760389525125,0.11863731896277227,0.11307675813092016,5
834.5547147595363,0.11863731896277227,0.11307675813092016,5
838.3399174262552,0.11928335740829916,0.11263491576712811,5
840.3003356854822,0.11928335740829916,0.11263491576712811,5
846.5821599029623,0.11930324637549286,0.11305481619557242,5
846.94434434151,0.11930324637549286,0.11305481619557242,5
855.0290862142464,0.11929418734936656,0.11334865229502057,5
855.4959044624546,0.11929418734936656,0.11334865229502057,5
860.2738089043191,0.1197293221459167,0.11338452877918724,5
861.0553629823465,0.1197293221459167,0.11338452877918724,5
870.2285409386319,0.11950883602119644,0.11381381989256503,5
871.3350804390666,0.11950883602119644,0.11381381989256503,5
884.5165578338491,0.11870891400511645,0.11361874693500669,5
885.4146223786736,0.11870891400511645,0.11361874693500669,5
886.7274745386645,0.11954067404435433,0.11294143723462483,5
886.9979018171266,0.11954067404435433,0.11294143723462483,5
888.420162743187,0.12043850926302105,0.1138672366564665,5
889.0271560720347,0.12043850926302105,0.1138672366564665,5
895.9188910980695,0.12054662656753608,0.11473215334688303,5
896.5922147311311,0.12054662656753608,0.11473215334688303,5
902.4325688486749,0.12078464780926779,0.11487942713275455,5
902.6116269253243,0.12078464780926779,0.11487942713275455,5
917.7461662580608,0.1198588499132658,0.11522120577403577,5
917.7863127027069,0.1198588499132658,0.11522120577403577,5
929.5265038135379,0.11941563747198594,0.11440571573877026,5
929.8048404142207,0.11941563747198594,0.11440571573877026,5
935.164821151701,0.1197649841683165,0.11400241791898807,5
936.6041460320429,0.1197649841683165,0.11400241791898807,5
937.415708047525,0.12054417163049197,0.11424250090426072,5
938.5768085954684,0.12054417163049197,0.11424250090426072,5
940.8053361728503,0.12117278210149868,0.11506783356560495,5
941.024483475697,0.12117278210149868,0.11506783356560495,5
948.117130870443,0.12129303042380568,0.11583120515356393,5
948.6227068528432,0.12129303042380568,0.11583120515356393,5
994.3180042919406,0.11666287797192634,0.11595758693668287,5
994.8879321841865,0.11666287797192634,0.11595758693668287,5
1008.413031630905,0.11602388736565221,0.11157035522212992,5
1009.7378011756298,0.11602388736565221,0.11157035522212992,5
1010.3026022758082,0.11679669015421036,0.11091988422103172,5
1010.3063025157484,0.11679669015421036,0.11091988422103172,5
1016.3662127856473,0.11708378191148826,0.11184726821818336,5
1016.4152799315025,0.11708378191148826,0.11184726821818336,5
1024.660737571887,0.11711193334523678,0.11215888057849997,5
1026.1873303538187,0.11711193334523678,0.11215888057849997,5
1029.2873323204665,0.1175570671089605,0.11206530873885298,5
1029.5853604681959,0.1175570671089605,0.11206530873885298,5
1034.1334814203328,0.11797316515894915,0.11266671463476317,5
1035.9228900590315,0.11797316515894915,0.11266671463476317,5
1037.0945520044288,0.11860056516763454,0.11294276931493696,5
1037.1200054660885,0.11860056516763454,0.11294276931493696,5
1045.215015657052,0.1186358769655161,0.11377661155708788,5
1049.0377373347933,0.1186358769655161,0.11377661155708788,5
1062.534066621544,0.11764328686180638,0.11343729187696701,5
1062.8680930534736,0.11764328686180638,0.11343729187696701,5
1068.502122098879,0.11792208681111069,0.11290206262120123,5
1069.646802195545,0.11792208681111069,0.11290206262120123,5
1074.865710711088,0.1181542947499757,0.11312145256886363,5
1075.7391604143859,0.1181542947499757,0.11312145256886363,5
1076.700670547601,0.11888169432912145,0.11341039211866595,5
1077.2001577409558,0.11888169432912145,0.11341039211866595,5
1081.278877132983,0.11930317213080516,0.11418490715592611,5
1081.6939208646056,0.11930317213080516,0.11418490715592611,5
1093.1600926797544,0.11892128231768886,0.11463501606895038,5
1093.6876765734753,0.11892128231768886,0.11463501606895038,5
1101.4776461718616,0.1189311471324769,0.11429222681892616,5
1103.5074401327536,0.1189311471324769,0.11429222681892616,5
1106.0366945303588,0.11934504583145802,0.11418137786623533,5
1107.5114870054667,0.11934504583145802,0.11418137786623533,5
1117.3912292009168,0.11902724535891755,0.11467149685588147,5
1117.8398164713144,0.11902724535891755,0.11467149685588147,5
1118.8511632661603,0.11976570646700319,0.11450656714309719,5
1120.7320276491066,0.11976570646700319,0.11450656714309719,5
1126.455477875291,0.11984494962431683,0.11510334033247509,5
1127.2848146143897,0.11984494962431683,0.11510334033247509,5
1132.3632209359832,0.12010280578310005,0.11532134409569697,5
1133.4854840842104,0.12010280578310005,0.11532134409569697,5
1137.075492120583,0.1204845245098921,0.11557271957994265,5
1137.127399963969,0.1204845245098921,0.11557271957994265,5
1140.6635811331969,0.12098220920045798,0.11608197991199802,5
1141.3355785112676,0.12098220920045798,0.11608197991199802,5
1149.8265211387277,0.1208878012853119,0.11653014459908645,5
1152.4240863454604,0.1208878012853119,0.11653014459908645,5
1162.8615842762438,0.12039266056513075,0.1162766394660646,5
1163.038899860944,0.12039266056513075,0.1162766394660646,5
1167.151374201441,0.12080695196582489,0.11607522329316841,5
1168.8367693385994,0.12080695196582489,0.11607522329316841,5
1173.8424572690792,0.1209702367814844,0.11635499803531785,5
1175.2926445033984,0.1209702367814844,0.11635499803531785,5
1179.2918341902428,0.12125921324486277,0.11656671267426098,5
1180.7955787876585,0.12125921324486277,0.11656671267426098,5
1185.9527730884993,0.12142136117696341,0.11687035629121069,5
1186.4642120312174,0.12142136117696341,0.11687035629121069,5
1196.1286258674406,0.12122442090610866,0.11715481899115449,5
1197.0067062826906,0.12122442090610866,0.11715481899115449,5
1205.3309765692513,0.12112855542430481,0.11695840905918613,5
1207.2616636702987,0.12112855542430481,0.11695840905918613,5
1211.6648205074275,0.12132068003628144,0.11679323898295083,5
1212.9581407092378,0.12132068003628144,0.11679323898295083,5
1215.6293974195062,0.12174763156778622,0.11706916771008283,5
1217.6330563097035,0.12174763156778622,0.11706916771008283,5
1244.5246419637142,0.11972442728405558,0.11744096405643911,5
1246.942373196516,0.12033925047318796,0.11744096405643911,6
1252.6414617593684,0.1205452674286515,0.11548248186550787,6
1253.8911943137834,0.1205452674286515,0.11548248186550787,6
1268.463845880945,0.11982998214224733,0.11564001777630642,6
1268.5875639380984,0.11982998214224733,0.11564001777630642,6
1274.976865349984,0.1200021774183339,0.11508862624095863,6
1274.9810902113852,0.1200021774183339,0.11508862624095863,6
1280.5311116561547,0.12026259932164125,0.11529582762331649,6
1282.312726639115,0.12026259932164125,0.11529582762331649,6
1283.3356918666009,0.12077899880938697,0.11541646349241301,6
1283.8596901643775,0.12077899880938697,0.11541646349241301,6
1288.2348342135588,0.12109593364259152,0.11605629582538178,6
1291.2022567204235,0.12109593364259152,0.11605629582538178,6
1299.4456867876481,0.12082074810538543,0.11617080067764986,6
1300.3748981551478,0.12082074810538543,0.11617080067764986,6
1301.4923143074375,0.12139910337010056,0.11612035899356786,6
1301.544456662148,0.12139910337010056,0.11612035899356786,6
1308.7830094925546,0.12148690718536144,0.11678433204641263,6
1313.3203071638527,0.12148690718536144,0.11678433204641263,6
1313.830792804476,0.121781283310058,0.1164986174091888,6
1313.9411724320312,0.121781283310058,0.1164986174091888,6
1318.8577157732477,0.1220753369180583,0.11720463840474278,6
1320.287998301616,0.1220753369180583,0.11720463840474278,6
1325.2435507267435,0.12224168147142588,0.117398628329113,6
1331.3532903628652,0.12260338306322796,0.117398628329113,7
1339.130818176416,0.12246749740501811,0.1171740071769242,7
1344.2306735966963,0.12246749740501811,0.1171740071769242,7
1344.6702631453322,0.12270666238580065,0.11679543034077798,7
1347.0426629884118,0.12270666238580065,0.11679543034077798,7
1353.4791797043329,0.12264688108188163,0.11729398358436345,7
1353.6482470677338,0.12264688108188163,0.11729398358436345,7
1361.8755678884966,0.12262500623234113,0.11746035230675696,7
1362.264379387435,0.12262500623234113,0.11746035230675696,7
1362.8361132695386,0.1232723424073026,0.11745150384974955,7
1363.109775549153,0.1232723424073026,0.11745150384974955,7
1368.6857459923897,0.12347611604405478,0.11811227744672162,7
1368.794357437942,0.12347611604405478,0.11811227744672162,7
1384.18924253684,0.12281557663924372,0.11835232890879645,7
1384.8075247120414,0.12281557663924372,0.11835232890879645,7
1386.7362288547083,0.12331112178501834,0.11770588842943673,7
1387.1544619029632,0.12331112178501834,0.11770588842943673,7
1391.6313733054883,0.12359594882620031,0.11822764119218356,7
1393.7536636500586,0.12412946864560978,0.11822764119218356,8
1396.4308019870307,0.12460338152983252,0.11838533903321666,8
1399.4594604897088,0.12460338152983252,0.11838533903321666,8
1412.0084837710992,0.12393693239903314,0.11861722664114335,8
1414.4065847768347,0.12393693239903314,0.11861722664114335,8
1420.7174513550087,0.12388107137850674,0.11807071728695981,8
1422.9251972332281,0.12388107137850674,0.11807071728695981,8
1431.2170384007945,0.12367097040556148,0.11806664210224364,8
1432.4173258082146,0.12367097040556148,0.11806664210224364,8
1457.9603664658944,0.12208836679934804,0.11798237633340893,8
1458.0883192164204,0.12208836679934804,0.11798237633340893,8
1471.8808021531945,0.1216131087097157,0.11659101699090378,8
1472.8179077136065,0.1216131087097157,0.11659101699090378,8
1475.8849566367892,0.12196072545530895,0.11610396580895689,8
1478.2379588037493,0.12196072545530895,0.11610396580895689,8
1499.1668615036813,0.12073372527622106,0.11635474449539196,8
1499.5896898916487,0.12073372527622106,0.11635474449539196,8
1505.5863629867515,0.12088313528488137,0.11536489025374663,8
1506.5324307701244,0.12088313528488137,0.11536489025374663,8
1512.6978207621876,0.12097591302656446,0.11549701582663768,8
1514.9129067445756,0.12097591302656446,0.11549701582663768,8
1517.0188243862754,0.1212905186423372,0.11551819198376277,8
1520.5247568691977,0.1212905186423372,0.11551819198376277,8
1535.0124837049934,0.12052019248304319,0.11574951292630634,8
1536.1646720075157,0.12052019248304319,0.11574951292630634,8
1539.922711008057,0.12078528270957285,0.11522202223846872,8
1542.403786450079,0.12078528270957285,0.11522202223846872,8
1543.217079132208,0.12117543444060058,0.11540428100846152,8
1545.6245102004402,0.12164070966570362,0.11540428100846152,9
1571.9621263897418,0.12023190433605943,0.11581079286636498,9
1573.8685742400453,0.12023190433605943,0.11581079286636498,9
1586.5369858206695,0.11975768715011614,0.11436787222650685,9
1587.4382422175452,0.11975768715011614,0.11436787222650685,9
1599.858636028312,0.11938554800951798,0.11402018370626822,9
1599.8801580153354,0.11938554800951798,0.11402018370626822,9
1601.9724105744847,0.11985225134504453,0.11375852065430482,9
1603.9646259320873,0.11985225134504453,0.11375852065430482,9
1606.4841994130788,0.12013812527413067,0.11409229171351333,9
1608.5958164763217,0.12013812527413067,0.11409229171351333,9
1621.7009227094456,0.11962748326977322,0.11438547714431933,9
1622.2568799677888,0.11962748326977322,0.11438547714431933,9
1636.016862851748,0.11919192547935885,0.11403865952701235,9
1637.8118726708708,0.11919192547935885,0.11403865952701235,9
1641.4724529209504,0.11940498888740042,0.11356615683624241,9
1642.3823119460108,0.11940498888740042,0.11356615683624241,9
1653.1112015420947,0.1191692366588707,0.11385899533856352,9
1654.6813170698938,0.1191692366588707,0.11385899533856352,9
1655.2769436305753,0.11961744574640172,0.11361704399546252,9
1658.885204843018,0.11961744574640172,0.11361704399546252,9
1674.2695809341476,0.1188578005992137,0.11393193419787312,9
1677.2216416011465,0.1188578005992137,0.11393193419787312,9
1678.9196882332046,0.11912422101051666,0.11328258310488885,9
1681.5575252401227,0.11912422101051666,0.11328258310488885,9
1686.7090985330642,0.11916696256326019,0.11358517156451464,9
1687.2394510308998,0.11916696256326019,0.11358517156451464,9
1691.6703329365878,0.11940860820639099,0.1137953477099462,9
1691.7631713209068,0.11940860820639099,0.1137953477099462,9
1694.8235818586186,0.11977647831485871,0.11408216189580962,9
1695.5927445636394,0.11977647831485871,0.11408216189580962,9
1704.7958664583655,0.11966242059455515,0.11441426641037314,9
1706.665766512471,0.11966242059455515,0.11441426641037314,9
1709.1820332105856,0.11994041361113598,0.11425787276349818,9
1709.4195694159598,0.11994041361113598,0.11425787276349818,9
1717.5654952643815,0.1199372021433691,0.11465880203241463,9
1717.7690107462215,0.1199372021433691,0.11465880203241463,9
1719.193873959104,0.12040526850139538,0.11468363835159688,9
1719.8424095248024,0.12040526850139538,0.11468363835159688,9
1722.581591849775,0.12074899730969581,0.11512682726245133,9
1724.0636274981014,0.12074899730969581,0.11512682726245133,9
1731.475766692658,0.12070628074640452,0.1154249743605934,9
1732.2454820998514,0.12070628074640452,0.1154249743605934,9
1733.6693529879922,0.1211303641251219,0.11545707699439764,9
1734.4703406235194,0.1211303641251219,0.11545707699439764,9
1743.3700923573858,0.12102995280519337,0.11588552152915058,9
1744.2691898272358,0.12102995280519337,0.11588552152915058,9
1752.760707208538,0.12095204960272818,0.11580781290989119,9
1753.1540495981842,0.12095204960272818,0.11580781290989119,9
1765.077175034025,0.12067461016025775,0.11579130769856008,9
1767.1252318643437,0.12067461016025775,0.11579130769856008,9
1769.55042170972,0.12093467209215523,0.11544173345585526,9
1773.3749696198483,0.12093467209215523,0.11544173345585526,9
1816.7390251153054,0.11834391017518563,0.11559878960282442,9
1816.9201250286221,0.11834391017518563,0.11559878960282442,9
1830.0015102016475,0.11803268947914639,0.1133786770052728,9
1830.6323303455904,0.11803268947914639,0.1133786770052728,9
1841.1015572750464,0.11786422054912307,0.11307568241238378,9
1841.2777455114215,0.11786422054912307,0.11307568241238378,9
1847.4062739572753,0.11800328009768449,0.11296503230273239,9
1847.778380287211,0.11800328009768449,0.11296503230273239,9
1854.3111648699933,0.11810315558087804,0.11310880256511818,9
1855.1934849990917,0.11810315558087804,0.11310880256511818,9
1863.5083236028493,0.11805689151667367,0.11319574033546308,9
1864.5808292952038,0.11805689151667367,0.11319574033546308,9
1869.5311019528883,0.11821145942378077,0.11316216314406508,9
1871.1768922307544,0.11821145942378077,0.11316216314406508,9
1871.995549257524,0.11859002554148712,0.11329767959418348,9
1872.754520419926,0.11859002554148712,0.11329767959418348,9
1873.1560199890764,0.1190504141781529,0.1137362092455338,9
1873.3989376702382,0.1190504141781529,0.1137362092455338,9
1880.3358546343693,0.11912765448146855,0.11423087506718176,9
1880.9676842883612,0.11912765448146855,0.11423087506718176,9
1888.479403460127,0.11914347574442614,0.11430286750585104,9
1889.089783643856,0.11914347574442614,0.11430286750585104,9
1890.8906460462165,0.11952039663031692,0.1143407803430913,9
1891.758563805284,0.11952039663031692,0.1143407803430913,9
1892.3320600313054,0.11995780486657541,0.11470808387065164,9
1892.5346103707518,0.11995780486657541,0.11470808387065164,9
1913.9897992580052,0.11912289192366049,0.1151894389700452,9
1914.3622969161338,0.11912289192366049,0.1151894389700452,9
1921.785410453049,0.11916002627266,0.11439840846886161,9
1922.1381397013013,0.11916002627266,0.11439840846886161,9
1924.2790002537668,0.11952528711775603,0.11445587362112684,9
1924.9309843595422,0.11952528711775603,0.11445587362112684,9
1938.2168954581332,0.11918170796122325,0.11480931098084564,9
1942.484041553489,0.11918170796122325,0.11480931098084564,9
1972.2226939723555,0.11763377467922592,0.11428665319816833,9
1972.467415319129,0.11763377467922592,0.11428665319816833,9
1975.8383840046845,0.11792462474979815,0.11305636699905658,9
1980.9360541378032,0.11792462474979815,0.11305636699905658,9
1987.839977774366,0.11771571284223396,0.11307785505347641,9
1988.3993467740856,0.11771571284223396,0.11307785505347641,9
1993.0827686641567,0.11790779775669143,0.11315634375209017,9
1993.5144924699944,0.11790779775669143,0.11315634375209017,9
1994.3110056043508,0.11833660815028355,0.11336762328724413,9
1994.5350626251052,0.11833660815028355,0.11336762328724413,9
2004.613132206788,0.11822730091521322,0.11381098495267072,9
2007.065544495584,0.11822730091521322,0.11381098495267072,9
2008.2345266630455,0.11851205466299264,0.11359868172979921,9
2008.6027550311962,0.11851205466299264,0.11359868172979921,9
2011.1785577461685,0.11883579360941271,0.11400960166284514,9
2013.4170261503796,0.11883579360941271,0.11400960166284514,9
2013.6788927999971,0.11918484166374847,0.11423366198494717,9
2014.3827543194125,0.11918484166374847,0.11423366198494717,9
2018.1614965694318,0.11941561684219197,0.11467532647639579,9
2019.314272359749,0.11941561684219197,0.11467532647639579,9
2029.1704125794427,0.11926056012830101,0.11489048692202193,9
2029.9731363715955,0.11926056012830101,0.11489048692202193,9
2032.8227877756715,0.11953821132922868,0.11477984404092544,9
2033.8563496510767,0.11953821132922868,0.11477984404092544,9
2037.8483247785002,0.11973413184542137,0.11505237331050665,9
2037.8844263956128,0.11973413184542137,0.11505237331050665,9
2039.2269207146655,0.12014356887468783,0.11531566606828746,9
2040.0004062108062,0.12014356887468783,0.11531566606828746,9
2079.2296577186708,0.11831304881920116,0.11568625147401693,9
2080.1256607905475,0.11831304881920116,0.11568625147401693,9
2085.67769662635,0.1184267350605179,0.11393542441562335,9
2086.4015998727486,0.1184267350605179,0.11393542441562335,9
2094.4359925996932,0.11840896588688443,0.1140719984180015,9
2095.115947948595,0.11840896588688443,0.1140719984180015,9
2106.7483901044816,0.11819161755127823,0.11407483210369034,9
2107.065655436907,0.11819161755127823,0.11407483210369034,9
2110.4535935733948,0.11845794703152084,0.11390247825487679,9
2110.4700197747616,0.11845794703152084,0.11390247825487679,9
2115.2274251843414,0.11866336310296535,0.11419257214832199,9
2115.5336412337683,0.11866336310296535,0.11419257214832199,9
2119.7361992531064,0.11888271761778317,0.11439194124980534,9
2119.929431694012,0.11888271761778317,0.11439194124980534,9
2122.389344026193,0.11920527245017945,0.11462645707306465,9
2125.5035701370152,0.11920527245017945,0.11462645707306465,9
2139.0245683220855,0.11874571417346794,0.11479632564638372,9
2139.330955300323,0.11874571417346794,0.11479632564638372,9
2156.4745551176393,0.11824855498287543,0.11452178513707642,9
2157.0736845236956,0.11824855498287543,0.11452178513707642,9
2162.2070744569914,0.11839754065382053,0.11404339210337146,9
2162.2497313260874,0.11839754065382053,0.11404339210337146,9
2164.4608652943,0.11873626551573428,0.114232873484284,9
2166.518097024131,0.11873626551573428,0.114232873484284,9
2188.3556364342594,0.11789674205806383,0.11446938769662064,9
2188.4164687037455,0.11789674205806383,0.11446938769662064,9
2200.6591445757513,0.1176920108860978,0.11378090210931789,9
2201.014927224731,0.1176920108860978,0.11378090210931789,9
2206.1528476552753,0.11785221512477297,0.11358396388307374,9
2206.924932093622,0.11785221512477297,0.11358396388307374,9
2208.670162414061,0.11817065510348944,0.11373291241124649,9
2209.177287866259,0.11817065510348944,0.11373291241124649,9
2235.3098088518227,0.11720970353303174,0.11406961378070068,9
2237.6843248573123,0.11720970353303174,0.11406961378070068,9
2237.7950920747467,0.11752639950432749,0.11306331156256044,9
2238.0842967480176,0.11752639950432749,0.11306331156256044,9
2247.9969191024693,0.11743788336925484,0.11348991651881353,9
2249.41085938201,0.11743788336925484,0.11348991651881353,9
2252.081074625856,0.11766894317693474,0.11336301633666745,9
2253.7142547003455,0.11766894317693474,0.11336301633666745,9
2255.370266005981,0.11794072308626179,0.11359026525482833,9
2256.9395419774396,0.11794072308626179,0.11359026525482833,9
2270.81321444278,0.11757902336565246,0.11387101657797485,9
2271.256457271177,0.11757902336565246,0.11387101657797485,9
2283.916741074089,0.11734228099486847,0.1135935130416653,9
2285.6291544262667,0.11734228099486847,0.1135935130416653,9
2296.622094912116,0.1171285430876662,0.11331672047428602,9
2296.8024663155093,0.1171285430876662,0.11331672047428602,9
2305.4337593450896,0.11711462058085745,0.11320085371428894,9
2306.891247907057,0.11711462058085745,0.11320085371428894,9
2308.1154082810594,0.11741180663137807,0.11313927357294977,9
2308.7597742273374,0.11741180663137807,0.11313927357294977,9
2310.628884129357,0.1177168700124206,0.1134808406334446,9
2312.9518166281164,0.1177168700124206,0.1134808406334446,9
2330.071126740716,0.11716380537355961,0.11370751353714255,9
2331.3259302425695,0.11716380537355961,0.11370751353714255,9
2337.1107306957206,0.11723877538247175,0.11324027952304866,9
2337.6108848490176,0.11723877538247175,0.11324027952304866,9
2339.6820570441996,0.11753733767887116,0.11336360628604615,9
2340.3780935388404,0.11753733767887116,0.11336360628604615,9
2342.338653581233,0.11783095479298858,0.11365684917935057,9
2342.4138598920827,0.11783095479298858,0.11365684917935057,9
2349.523055509597,0.1178962680746797,0.11398498129288774,9
2349.7293620283494,0.1178962680746797,0.11398498129288774,9
2356.55891956065,0.11796861843447119,0.11405568842560455,9
2359.790571390841,0.11796861843447119,0.11405568842560455,9
2364.7708479943426,0.11798183330813264,0.1139931667077785,9
2365.907938450974,0.11798183330813264,0.1139931667077785,9
2371.6626622947433,0.11806063503528834,0.11412109305350931,9
2371.7438856095373,0.11806063503528834,0.11412109305350931,9
2376.348551716285,0.11824864656199177,0.11426191573393815,9
2377.664865788808,0.11824864656199177,0.11426191573393815,9
2388.5766470112594,0.11806194302069248,0.11439795570590726,9
2388.7196630835324,0.11806194302069248,0.11439795570590726,9
2396.511671888849,0.1180883044800483,0.11428716572274196,9
2396.709327823417,0.1180883044800483,0.11428716572274196,9
2400.2836983008156,0.11831934708428274,0.11432341703648911,9
2400.7986031805212,0.11831934708428274,0.11432341703648911,9
2412.291729823632,0.11814491442991308,0.11454521826015997,9
2412.4509148916977,0.11814491442991308,0.11454521826015997,9
2413.013758367276,0.1185239823056446,0.11440647280999311,9
2413.102202941258,0.1185239823056446,0.11440647280999311,9
2440.798590363192,0.11758446646648311,0.11478999922273206,9
2443.1385364704693,0.11758446646648311,0.11478999922273206,9
2446.3459420195177,0.11772660401506789,0.11378806230186948,9
2446.736720385078,0.11772660401506789,0.11378806230186948,9
2458.5609325575415,0.11754843907788162,0.11402943262162255,9
2458.73269209329,0.11754843907788162,0.11402943262162255,9
2467.194823518691,0.1175423996660323,0.11387980519412078,9
2467.569712789381,0.1175423996660323,0.11387980519412078,9
2473.176156800527,0.11766246379168471,0.11387722849068083,9
2474.0733956970034,0.11766246379168471,0.11387722849068083,9
2477.6116343645735,0.1178554362394607,0.11398206718137968,9
2478.0004401862698,0.1178554362394607,0.11398206718137968,9
2482.195867492271,0.11804064451046481,0.1142049837483996,9
2482.998349074455,0.11804064451046481,0.1142049837483996,9
2483.329559097423,0.11838944167638209,0.11437784487688518,9
2483.5556674300556,0.11838944167638209,0.11437784487688518,9
2490.2916796326094,0.11846001912656316,0.11475482661313306,9
2493.451045225005,0.11846001912656316,0.11475482661313306,9
2503.7164675886825,0.11822424936361751,0.11470046726912651,9
2503.7562980802895,0.11822424936361751,0.11470046726912651,9
2516.8540364505457,0.11800445941587119,0.11462776957168401,9
2519.583964167468,0.11834720481480851,0.11462776957168401,10
2521.282882289922,0.1185904216064947,0.11430458523939774,10
2524.744817389017,0.1185904216064947,0.11430458523939774,10
2528.8512120374676,0.11863094142193258,0.11446701385800702,10
2529.950677493935,0.11863094142193258,0.11446701385800702,10
2540.2655448381065,0.11849154928375136,0.11462674058423228,10
2540.300313482825,0.11849154928375136,0.11462674058423228,10
2546.432674130588,0.1185972843767055,0.11455338506848846,10
2548.291529918313,0.1189153313119276,0.11455338506848846,11
2584.505099337801,0.11762406662609819,0.11458657558280244,11
2586.9197119942733,0.11762406662609819,0.11458657558280244,11
2591.6508708561355,0.11768560473550405,0.11326211580572185,11
2592.488126502276,0.11768560473550405,0.11326211580572185,11
2617.250763302196,0.11691657684872295,0.11340456953091542,11
2619.4305543954956,0.11691657684872295,0.11340456953091542,11
2622.0992067565576,0.11708176380547705,0.11261989729217281,11
2624.2685815942905,0.11708176380547705,0.11261989729217281,11
2643.6264421435562,0.11650662706727259,0.11279333299801755,11
2646.2217277935415,0.11650662706727259,0.11279333299801755,11
2671.049131049753,0.11568488067404414,0.11223549292207005,11
2671.9111070287217,0.11568488067404414,0.11223549292207005,11
2682.5748757410156,0.11556061409632333,0.11153065654620098,11
2683.6913413834222,0.11556061409632333,0.11153065654620098,11
2685.4601711562423,0.11580882983868532,0.11141370670662439,11
2686.068488965293,0.11580882983868532,0.11141370670662439,11
2687.72010795861,0.11608351594205683,0.11168739785766361,11
2690.9447036189295,0.116338736290675,0.11168739785766361,12
2697.8489568191703,0.1163890214114187,0.11185662774682763,12
2698.0624904173105,0.1163890214114187,0.11185662774682763,12
2700.424558399718,0.11664832443483265,0.11193217394801316,12
2701.2644575487325,0.11664832443483265,0.11193217394801316,12
2712.4578117770593,0.11649950779989218,0.11216969118046217,12
2713.1031860198423,0.11649950779989218,0.11216969118046217,12
2720.971118599617,0.11650252287982688,0.1120488161181853,12
2721.7380137703226,0.11650252287982688,0.1120488161181853,12
2730.4465053661092,0.11646446812821235,0.11206074885124408,12
2731.1360756729623,0.11646446812821235,0.11206074885124408,12
2739.789488710362,0.11643230303440412,0.11204128667393493,12
2740.1169847073666,0.11643230303440412,0.11204128667393493,12
2748.467244555969,0.11642852962277084,0.11203901209815914,12
2748.983341049168,0.11642852962277084,0.11203901209815914,12
2753.215488191305,0.11659094661380008,0.11204142105948511,12
2754.241323613965,0.11659094661380008,0.11204142105948511,12
2777.303310998112,0.1159398034506642,0.1121906048503212,12
2777.377494860364,0.1159398034506642,0.1121906048503212,12
2780.33485663112,0.11617305707966884,0.11161608408423632,12
2780.474842217589,0.11617305707966884,0.11161608408423632,12
2785.3642674542507,0.11632230792424413,0.11185139864526146,12
2786.2501172087727,0.11632230792424413,0.11185139864526146,12
2794.02018906528,0.11631984667538371,0.11197846096909539,12
2794.2445634256605,0.11631984667538371,0.11197846096909539,12
2803.7365245769574,0.11627340769803204,0.11201596456405782,12
2803.7534008272155,0.11627340769803204,0.11201596456405782,12
2807.0829562343483,0.11649103539094002,0.1119927308540608,12
2807.1273489760656,0.11649103539094002,0.1119927308540608,12
2814.994931000111,0.11651885990553745,0.11221436039048964,12
2816.6349525008486,0.11651885990553745,0.11221436039048964,12
2820.3864498367443,0.1166506809799217,0.11219061231894047,12
2822.687133165648,0.1166506809799217,0.11219061231894047,12
2823.6252795524797,0.11687103185742202,0.11230433450287634,12
2825.2500091218135,0.11687103185742202,0.11230433450287634,12
2830.160858255478,0.11695448300561603,0.11255641057367717,12
2830.3945970863438,0.11695448300561603,0.11255641057367717,12
2835.2946548216773,0.11709541349975873,0.11270513317414611,12
2836.123322122476,0.11709541349975873,0.11270513317414611,12
2838.8390153654345,0.11730147366497778,0.11283007248095293,12
2839.5572108713673,0.11730147366497778,0.11283007248095293,12
2840.3133812964325,0.11759265797901113,0.11304579417207643,12
2840.821011361705,0.11759265797901113,0.11304579417207643,12
2843.862461151376,0.11779753928900301,0.11334751422640812,12
2843.9463814080423,0.11779753928900301,0.11334751422640812,12
2846.501861913604,0.11803962066412242,0.11357457444049357,12
2847.0929415759197,0.11803962066412242,0.11357457444049357,12
2857.001668397151,0.1179558289124365,0.1138002891541222,12
2859.271961003175,0.1179558289124365,0.1138002891541222,12
2859.9758216061587,0.11818281729744821,0.11366529817120782,12
2860.7128138209127,0.11818281729744821,0.11366529817120782,12
2862.6715404437614,0.11842085101647722,0.11395761169209359,12
2863.0988872169314,0.11842085101647722,0.11395761169209359,12
2866.5187172270425,0.11861077269675135,0.11421191264471468,12
2867.210180851715,0.11861077269675135,0.11421191264471468,12
2877.681337995199,0.11849817959259007,0.11439691522808643,12
2878.5922348763215,0.11849817959259007,0.11439691522808643,12
2899.338904880548,0.11795792462354114,0.11429197786818023,12
2900.3240815699096,0.11795792462354114,0.11429197786818023,12
2949.400550440986,0.1162948179245154,0.11378038823212304,12
2950.909520121565,0.1162948179245154,0.11378038823212304,12
2958.0953631176094,0.11629104466647415,0.11216880685191737,12
2958.3697727157114,0.11629104466647415,0.11216880685191737,12
2964.5494374411523,0.11637518863500093,0.11222396978969673,12
2965.2055195900357,0.11637518863500093,0.11222396978969673,12
2973.517963384085,0.11636048756410614,0.1123025024066595,12
2974.1677484891666,0.11636048756410614,0.1123025024066595,12
2976.5869116740223,0.11657647174321827,0.11230032339960215,12
2976.9708172037904,0.11657647174321827,0.11230032339960215,12
3001.5336450383365,0.11594072935855937,0.11253049511404309,12
3002.32814190912,0.11594072935855937,0.11253049511404309,12
3004.592817379967,0.11615550632392553,0.11191315010168888,12
3004.613380774041,0.11615550632392553,0.11191315010168888,12
3013.441277597669,0.11614628186118889,0.11216085309224806,12
3015.8890818334116,0.11614628186118889,0.11216085309224806,12
3019.3920621636194,0.11624856685503848,0.1120730871821466,12
3020.0672810890264,0.11624856685503848,0.1120730871821466,12
3033.8195275283883,0.11602535905844394,0.11224915488563476,12
3034.0977466057093,0.11602535905844394,0.11224915488563476,12
3036.4768707706417,0.11625314962811177,0.11205967256010889,12
3038.015398634894,0.11625314962811177,0.11205967256010889,12
3040.214559637824,0.11643915028226542,0.11224432902915021,12
3041.0878458224865,0.11643915028226542,0.11224432902915021,12
3046.223587133817,0.11653773593619189,0.11245975694842296,12
3046.293692929957,0.11653773593619189,0.11245975694842296,12
3055.3489189813295,0.11651697054577073,0.11259584090531305,12
3056.630866481426,0.11651697054577073,0.11259584090531305,12
3064.1226954894537,0.1165096947734901,0.11254221233327664,12
3064.4991367268476,0.1165096947734901,0.11254221233327664,12
3074.0298388705605,0.11645950715024092,0.11257957160610921,12
3074.137130951384,0.11645950715024092,0.11257957160610921,12
3077.8175954092935,0.11664109027626102,0.112551908148912,12
3077.9190354663015,0.11664109027626102,0.112551908148912,12
3080.1535103626743,0.11687729159888904,0.1127385080639166,12
3080.975618863206,0.11687729159888904,0.1127385080639166,12
3082.316724000463,0.11711969674922536,0.11295123462496022,12
3084.733732918915,0.11711969674922536,0.11295123462496022,12
3086.6779251970543,0.11727818994166352,0.11313780384855467,12
3086.923842375287,0.11727818994166352,0.11313780384855467,12
3096.620478336662,0.1172245686998053,0.11338148197743887,12
3097.8597577077294,0.1172245686998053,0.11338148197743887,12
3100.479297472995,0.11740120319354283,0.11330403163883813,12
3101.0619180019116,0.11740120319354283,0.11330403163883813,12
3102.328380659406,0.11765356700325146,0.11350950394012191,12
3108.1104004322774,0.11790131499689827,0.11350950394012191,13
3110.2364371240656,0.11799746013500921,0.11357382927932824,13
3110.4021278716273,0.11799746013500921,0.11357382927932824,13
3119.4877781288446,0.11796808520299336,0.11381165053479231,13
3120.7426474419,0.11796808520299336,0.11381165053479231,13
3121.6548912662292,0.1182065323852386,0.11375497441001635,13
3121.989344774639,0.1182065323852386,0.11375497441001635,13
3123.7423081617108,0.11844767061395058,0.11402985746759424,13
3124.2851947084796,0.11844767061395058,0.11402985746759424,13
3128.6974307524592,0.118579699127625,0.11426613697259187,13
3129.1804490890568,0.118579699127625,0.11426613697259187,13
3136.34410885854,0.11860943413361232,0.1144069528186584,13
3137.6197560701603,0.11860943413361232,0.1144069528186584,13
3138.5636609529206,0.11884417214170859,0.114417943508121,13
3140.298140228291,0.11884417214170859,0.114417943508121,13
3151.595942519184,0.11867003474469774,0.11463879667611084,13
3152.6660883658674,0.11867003474469774,0.11463879667611084,13
3154.0260658837537,0.11889565658834386,0.11450625910945057,13
3155.069768894582,0.11889565658834386,0.11450625910945057,13
3172.063425988925,0.11853483033138847,0.1147359730580003,13
3172.9667150512846,0.11853483033138847,0.1147359730580003,13
3175.137517749222,0.11873501474898202,0.11440397350469302,13
3175.5296569109573,0.11873501474898202,0.11440397350469302,13
3206.084815484147,0.11790081103731459,0.11462654716759481,13
3206.1798324644856,0.11790081103731459,0.11462654716759481,13
3208.2043756271696,0.11813461850475457,0.11384264734752463,13
3211.8127097982942,0.11835413763499678,0.11384264734752463,14
3213.3091659128177,0.11856935648822568,0.11395434076322129,14
3213.551476469346,0.11856935648822568,0.11395434076322129,14
3247.793523538153,0.11761831447457548,0.11420386531452557,14
3248.4190648125636,0.11761831447457548,0.11420386531452557,14
3256.012438508394,0.11762854326670061,0.11328587619320413,14
3256.592237826486,0.11762854326670061,0.11328587619320413,14
3259.9324670523515,0.1177938512165606,0.11330862848407386,14
3264.4485063680036,0.1177938512165606,0.11330862848407386,14
3271.2154185598106,0.11769325792964762,0.11334226877165807,14
3274.3613968486243,0.11769325792964762,0.11334226877165807,14
3276.7111521885313,0.11780104564364446,0.11330453637679248,14
3278.1414856301312,0.11780104564364446,0.11330453637679248,14
3292.9499284860494,0.11752380339956314,0.11347893360633682,14
3293.1373332644675,0.11752380339956314,0.11347893360633682,14
3295.3048459538095,0.11774327964722649,0.11326585023718015,14
3296.7213173364125,0.11774327964722649,0.11326585023718015,14
3300.2096230785014,0.11787130044094989,0.11344604654122645,14
3304.5127909053645,0.11809459207658339,0.11344604654122645,15
3311.043011482946,0.11808967707274796,0.11348117672053501,15
3311.2738449786716,0.11808967707274796,0.11348117672053501,15
3318.3116980519267,0.11813236237877547,0.11355146617371414,15
3318.351921156825,0.11813236237877547,0.11355146617371414,15
3338.565397882365,0.11771523189250027,0.11361061423183,15
3339.8790063434844,0.11771523189250027,0.11361061423183,15
3359.8485543143015,0.11726719036013512,0.1131777526317746,15
3360.2333214384275,0.11726719036013512,0.1131777526317746,15
3360.265660232777,0.11755022963649756,0.11278978682282695,15
3360.3524040154034,0.11755022963649756,0.11278978682282695,15
3364.2911640126063,0.11770681569893876,0.11308337766774837,15
3364.3551898550027,0.11770681569893876,0.11308337766774837,15
3383.397943494292,0.11733766072754301,0.11324606900867099,15
3383.8512613788494,0.11733766072754301,0.11324606900867099,15
3416.1380573129777,0.1165058300697173,0.11288912262779036,15
3417.3049016345935,0.1165058300697173,0.11288912262779036,15
3427.9437265107126,0.11639630980936207,0.11207662500843875,15
3428.078089705374,0.11639630980936207,0.11207662500843875,15
3438.180428054331,0.11634060758886941,0.11201611805552622,15
3438.2041647747133,0.11634060758886941,0.11201611805552622,15
3440.1461961988625,0.1165648135660859,0.11197706173019745,15
3440.407968096217,0.1165648135660859,0.11197706173019745,15
3448.6240416050655,0.11656822986506246,0.11219599639911218,15
3449.4922148247683,0.11656822986506246,0.11219599639911218,15
3452.6810721488987,0.11672088779088381,0.11219042569129535,15
3453.262678056979,0.11672088779088381,0.11219042569129535,15
3463.230813062031,0.11665407875104969,0.11235751119237561,15
3463.4307104041727,0.11665407875104969,0.11235751119237561,15
3467.9410283458938,0.11678399277544034,0.11231638006541923,15
3468.3367824252587,0.11678399277544034,0.11231638006541923,15
3471.901262173605,0.11693880941355493,0.11244582763017892,15
3472.2953270206535,0.11693880941355493,0.11244582763017892,15
3484.3154054484858,0.11680917271828116,0.11260562918059484,15
3485.7604864775285,0.11680917271828116,0.11260562918059484,15
3493.1018691060544,0.11680163227086598,0.11245752584570962,15
3493.1950929790855,0.11680163227086598,0.11245752584570962,15
3497.162722419213,0.11695195004168074,0.11250445209598632,15
3497.943710330871,0.11695195004168074,0.11250445209598632,15
3500.6729145630256,0.1171203394337053,0.11263760444067623,15
3502.860233913677,0.1171203394337053,0.11263760444067623,15
3503.1965272547272,0.11732142253580027,0.11276499021448945,15
3504.6911409387767,0.11732142253580027,0.11276499021448945,15
3510.422593629155,0.11736478700533459,0.11299141181779752,15
3511.01435024058,0.11736478700533459,0.11299141181779752,15
3517.5558865232633,0.11741106988017393,0.11307273636543154,15
3517.557654776226,0.11741106988017393,0.11307273636543154,15
3537.55810825669,0.11702987974493495,0.11314668843013442,15
3540.479018962258,0.11702987974493495,0.11314668843013442,15
3549.638584335001,0.11691331107100507,0.11269661474140016,15
3550.023413907044,0.11691331107100507,0.11269661474140016,15
3554.943879482125,0.1170201314290795,0.11267531319174388,15
3555.820257570258,0.1170201314290795,0.11267531319174388,15
3567.365432980253,0.11689298666877235,0.11277285434950779,15
3567.655868007821,0.11689298666877235,0.11277285434950779,15
3576.694345271873,0.11686768833142404,0.1126790292765756,15
3576.7699006755943,0.11686768833142404,0.1126790292765756,15
3580.4333809239565,0.11702493955965577,0.11267149165057551,15
3581.037846649922,0.11702493955965577,0.11267149165057551,15
3591.4400233716624,0.11694473449836476,0.1128164563739375,15
3592.3757876153536,0.11694473449836476,0.1128164563739375,15
3622.517005209787,0.11621753587202804,0.11273876229659205,15
3625.0657048859007,0.11621753587202804,0.11273876229659205,15
3627.660934539596,0.11632840213429652,0.1119979699823893,15
3627.8790744746584,0.11632840213429652,0.1119979699823893,15
3635.2738472453602,0.1163598721236722,0.11218676026541385,15
3635.6463156314985,0.1163598721236722,0.11218676026541385,15
3655.0583380565413,0.11600362040334718,0.11222213729806439,15
3655.5447006206728,0.11600362040334718,0.11222213729806439,15
3658.204825849674,0.11617720172387758,0.11188483071498377,15
3659.3252414214403,0.11617720172387758,0.11188483071498377,15
3662.019475008221,0.11632925573096349,0.1120425141113552,15
3662.2088420182304,0.11632925573096349,0.1120425141113552,15
3667.598868990153,0.11642494592588076,0.11222735177863297,15
3669.0870705225507,0.11642494592588076,0.11222735177863297,15
3672.9379021264394,0.1165279706341374,0.11228951291726175,15
3673.4212055557014,0.1165279706341374,0.11228951291726175,15
3700.502230793724,0.11593020980505758,0.11242925242969051,15
3702.665646338409,0.11614431539866497,0.11242925242969051,16
3704.048191306364,0.11635917724061591,0.11181133797738595,16
3704.190380527449,0.11635917724061591,0.11181133797738595,16
3719.1148422276865,0.11615667123127592,0.11203527825719019,16
3722.355739327464,0.11615667123127592,0.11203527825719019,16
3745.3923593075297,0.11560871557928196,0.11175718526976702,16
3749.1769563599405,0.11560871557928196,0.11175718526976702,16
3757.1951339602156,0.11551170075708811,0.1112244113451672,16
3758.1027445452137,0.11551170075708811,0.1112244113451672,16
3758.371005168046,0.11574163364974929,0.11122633637590561,16
3758.760236601637,0.11574163364974929,0.11122633637590561,16
3768.1887470982856,0.11570545672260822,0.11147292554601074,16
3768.8263516519796,0.11570545672260822,0.11147292554601074,16
3775.4041606518986,0.11574919701432529,0.11144052837985027,16
3775.5360561133434,0.11574919701432529,0.11144052837985027,16
3782.2208319235506,0.11580497793864757,0.11150734458443784,16
3784.0776126927153,0.11580497793864757,0.11150734458443784,16
3787.816982197364,0.11589789107110718,0.11151991137404516,16
3788.4164160228315,0.11589789107110718,0.11151991137404516,16
3794.490492018495,0.1159575971861087,0.11165615221467004,16
3794.825786802699,0.1159575971861087,0.11165615221467004,16
3796.779545989673,0.11615106820352628,0.11173108432923291,16
3797.1564604935866,0.11615106820352628,0.11173108432923291,16
3810.0148505056886,0.11601004650712451,0.11192585936918567,16
3810.7412091891347,0.11601004650712451,0.11192585936918567,16
3824.0590660889807,0.11584549096755295,0.11178927579042977,16
3824.1032450850535,0.11584549096755295,0.11178927579042977,16
3831.0878628920573,0.11589397473772058,0.11166016517697416,16
3831.172996689982,0.11589397473772058,0.11166016517697416,16
3835.5543776232576,0.11601973435604086,0.11171513277259447,16
3836.171403758119,0.11601973435604086,0.11171513277259447,16
3854.4215333191814,0.11571126721470272,0.1118302481426478,16
3854.9325602483136,0.11571126721470272,0.1118302481426478,16
3868.127923975944,0.11555977692189165,0.11154540145114802,16
3868.1542544499666,0.11555977692189165,0.11154540145114802,16
3872.5060511294714,0.11568735957670988,0.11142265061021621,16
3873.531620277341,0.11568735957670988,0.11142265061021621,16
3912.1433863821317,0.11477084443349757,0.1115261323125766,16
3913.8018149851405,0.11477084443349757,0.1115261323125766,16
3918.554844969371,0.11483825486778848,0.11063411497795628,16
3918.5913830447175,0.11483825486778848,0.11063411497795628,16
3922.1617413985064,0.114987608807583,0.11075408420430535,16
3923.368855922908,0.114987608807583,0.11075408420430535,16
3931.948725234715,0.11495572083611497,0.11087410232746862,16
3933.5466781651726,0.11495572083611497,0.11087410232746862,16
3946.8391247567215,0.11477539004783287,0.11084144556367001,16
3947.0139519174422,0.11477539004783287,0.11084144556367001,16
3957.386364508376,0.11472218231499369,0.11071660889055315,16
3958.0150225019074,0.11472218231499369,0.11071660889055315,16
3968.2561305115782,0.11465993752307074,0.11066153046663656,16
3968.8052201608616,0.11465993752307074,0.11066153046663656,16
3995.0587916403174,0.11414099861413367,0.11061263419276764,16
3995.3255352736805,0.11414099861413367,0.11061263419276764,16
4000.4366432720167,0.11423752973780704,0.11012869817874801,16
4001.22522870423,0.11423752973780704,0.11012869817874801,16
4013.186444284833,0.11412377828900434,0.11021623997477764,16
4015.1817966696235,0.11412377828900434,0.11021623997477764,16
4017.365389089248,0.11425398377916952,0.1100821886487469,16
4018.4651821588504,0.11447359738880857,0.1100821886487469,17
4025.943333918505,0.11450732456070178,0.11024109452704178,17
4026.1436170670418,0.11450732456070178,0.11024109452704178,17
4038.2336198926278,0.11440645675479372,0.11027922553926289,17
4038.390999693046,0.11440645675479372,0.11027922553926289,17
4041.6531843235352,0.114557083174739,0.11019240089278724,17
4042.1673937719415,0.114557083174739,0.11019240089278724,17
4047.7205462244224,0.1146324195806461,0.11033684569500618,17
4049.210497984294,0.1146324195806461,0.11033684569500618,17
4070.1449153238104,0.11424654641885294,0.11039189002955456,17
4071.827347325311,0.11424654641885294,0.11039189002955456,17
4081.197370398494,0.11418217687288647,0.11002431139283958,17
4081.962307735317,0.11418217687288647,0.11002431139283958,17
4088.5137273305327,0.11422243659798424,0.10999611612021629,17
4089.4317046061797,0.11422243659798424,0.10999611612021629,17
4102.370048043863,0.11408039609277981,0.11003973962766934,17
4102.978969326272,0.11408039609277981,0.11003973962766934,17
4125.897714526374,0.11367223146341089,0.10992013446124396,17
4127.827813913191,0.11367223146341089,0.10992013446124396,17
4134.339188889047,0.11368201265709293,0.10950069149602025,17
4134.846509584695,0.11368201265709293,0.10950069149602025,17
4146.512045900239,0.11358944452258123,0.10955666648083133,17
4147.64539415554,0.11358944452258123,0.10955666648083133,17
4152.448318133799,0.11366788069071672,0.10945969504522561,17
4152.656661571859,0.11366788069071672,0.10945969504522561,17
4158.404875980547,0.11374553803842083,0.10956841296573117,17
4159.266618111677,0.11374553803842083,0.10956841296573117,17
4164.140879511428,0.11382900187940176,0.10963471252704297,17
4165.137743139547,0.11382900187940176,0.10963471252704297,17
4175.435212112319,0.11376059640970966,0.1097202609332022,17
4175.709029578801,0.11376059640970966,0.1097202609332022,17
4194.215081066121,0.11348964962450289,0.10968197179346999,17
4196.2390988929665,0.11348964962450289,0.10968197179346999,17
4207.379229471988,0.11337223815212444,0.10938366217527772,17
4207.420875650449,0.11337223815212444,0.10938366217527772,17
4210.193952497647,0.11353396194881527,0.10933063593950203,17
4210.429613321441,0.11353396194881527,0.10933063593950203,17
4217.103953236096,0.11358505868284985,0.10949001463922713,17
4219.3026818320195,0.11358505868284985,0.10949001463922713,17
4220.276332219557,0.11373662817656185,0.10949676637074063,17
4221.114139378635,0.11373662817656185,0.10949676637074063,17
4233.774608742078,0.11361020471113666,0.10968668098327128,17
4233.780588009979,0.11361020471113666,0.10968668098327128,17
4237.145417058169,0.11375583147548672,0.10959472045245874,17
4237.7008879905625,0.11375583147548672,0.10959472045245874,17
4241.414688801832,0.11387709890174494,0.10972931131543222,17
4241.490328630835,0.11387709890174494,0.10972931131543222,17
4253.712058057462,0.11378297200046675,0.10986704292460948,17
4256.147605141005,0.11378297200046675,0.10986704292460948,17
4258.452751970785,0.11389113094551655,0.1097236382112101,17
4259.310248589799,0.11389113094551655,0.1097236382112101,17
4265.3835604894775,0.11394051510439748,0.10987694548781662,17
4272.709894576482,0.11394051510439748,0.10987694548781662,17
4275.979715357509,0.1138920276564695,0.10976640389166606,17
4277.0600577219,0.1138920276564695,0.10976640389166606,17
4278.284875398629,0.11406440062141271,0.10988856683259601,17
4279.017933522763,0.11406440062141271,0.10988856683259601,17
4287.944744514641,0.11404064864071627,0.11007198551566771,17
4288.099374146495,0.11404064864071627,0.11007198551566771,17
4291.387944186303,0.11418217284778939,0.11007207595181887,17
4291.639253565563,0.11418217284778939,0.11007207595181887,17
4294.276428161809,0.11433823793457458,0.11021429622888829,17
4294.841105446671,0.11433823793457458,0.11021429622888829,17
4320.358177986479,0.11387944696504276,0.11036496772811417,17
4320.403014193341,0.11387944696504276,0.11036496772811417,17
4336.648911227045,0.11368224868830962,0.10994344704406862,17
4338.0943661994925,0.11368224868830962,0.10994344704406862,17
4349.774184420203,0.11356911394834789,0.10972559834308375,17
4350.82274170827,0.11356911394834789,0.10972559834308375,17
4357.4339953955,0.11359896685137778,0.10963443659226503,17
4358.887651894981,0.11359896685137778,0.10963443659226503,17
4360.238701696674,0.11375524000715705,0.10966100486489816,17
4361.578230469489,0.11375524000715705,0.10966100486489816,17
4366.5756743746715,0.11381916564887527,0.10982263178355038,17
4367.391869934,0.11381916564887527,0.10982263178355038,17
4373.057981247935,0.11387912123174876,0.10990541135189083,17
4375.5781474402675,0.11387912123174876,0.10990541135189083,17
4382.837926238997,0.11385317193971672,0.10992833033536085,17
4383.424500259102,0.11385317193971672,0.10992833033536085,17
4384.9384441543025,0.11402668620504024,0.1099596901854952,17
4388.911485748049,0.11402668620504024,0.1099596901854952,17
4395.184021496851,0.11398840129323559,0.1100500663019585,17
4395.403380965442,0.11398840129323559,0.1100500663019585,17
4399.26442657862,0.11410998551646817,0.1101150356520157,17
4399.362360766501,0.11410998551646817,0.1101150356520157,17
4403.380232720807,0.11423042604004267,0.11024324895926473,17
4404.099356133061,0.11423042604004267,0.11024324895926473,17
4404.581819976205,0.11442629983945281,0.11035173385069211,17
4404.599428945134,0.11442629983945281,0.11035173385069211,17
4409.424518397287,0.11452741687560503,0.11056624055291961,17
4413.584461731211,0.11452741687560503,0.11056624055291961,17
4415.399878643261,0.1145989069863092,0.11056772657944873,17
4415.930297771632,0.1145989069863092,0.11056772657944873,17
4419.575554332928,0.1147168984367605,0.11073544350252977,17
4420.951594391484,0.1149229428310701,0.11073544350252977,18
4457.098876933821,0.11419984479908087,0.11083586633737966,18
4457.254109238095,0.11419984479908087,0.11083586633737966,18
4462.500907162984,0.11428569105305356,0.11015750683416377,18
4463.015363133568,0.11428569105305356,0.11015750683416377,18
4469.20323658676,0.11433805377583661,0.11023936956707167,18
4470.126230173373,0.11433805377583661,0.11023936956707167,18
4477.487689576704,0.11434983979786303,0.11028771328027555,18
4477.709694567311,0.11434983979786303,0.11028771328027555,18
4481.528042897631,0.11446988506810915,0.11032425809099625,18
4483.154228743781,0.11446988506810915,0.11032425809099625,18
4497.203962754672,0.11429323736634787,0.11041333283300926,18
4497.700742346971,0.11429323736634787,0.11041333283300926,18
4519.587764362028,0.11394844548896506,0.11027856863175368,18
4521.329213501405,0.11394844548896506,0.11027856863175368,18
4531.228357062124,0.1138764059850991,0.10992342661442994,18
4533.042568964059,0.1140847340758982,0.10992342661442994,19
4535.869168245284,0.11420082475623741,0.10985998750808301,19
4536.518962845902,0.11420082475623741,0.10985998750808301,19
4537.673756579689,0.11437578544456681,0.10999623369522113,19
4540.7635634510625,0.11437578544456681,0.10999623369522113,19
4549.136512950118,0.11430740724524435,0.11011363904179829,19
4549.137814864372,0.11430740724524435,0.11011363904179829,19
4561.016851896596,0.11422891362117067,0.1101307589238065,19
4561.253371982097,0.11422891362117067,0.1101307589238065,19
4585.165553423135,0.11384539858332746,0.11005746865183581,19
4587.792899015906,0.11384539858332746,0.11005746865183581,19
4599.876946672478,0.11369869369621613,0.10963877643820732,19
4603.469704690023,0.11369869369621613,0.10963877643820732,19
4619.366258631872,0.11343547375591607,0.10948263643106501,19
4620.548103268902,0.1136289878945588,0.10948263643106501,20
4632.614039790967,0.11354280660595119,0.10929439294068323,20
4633.271333537267,0.11354280660595119,0.10929439294068323,20
4639.0798331356245,0.11360011445282517,0.10921009446120539,20
4639.305508646278,0.11360011445282517,0.10921009446120539,20
4644.594012463341,0.11368054959877237,0.10928359838667741,20
4645.119471771781,0.11368054959877237,0.10928359838667741,20
4673.120126565748,0.11320059952936826,0.10936209565482594,20
4674.559632753597,0.11320059952936826,0.10936209565482594,20
4676.102689744931,0.11334224998144984,0.10888726211417873,20
4676.160804742895,0.11334224998144984,0.10888726211417873,20
4690.584817798882,0.11320550008712531,0.10906382848997016,20
4693.303318780161,0.11337653341224414,0.10906382848997016,21
4697.20551507081,0.11347172234425111,0.10887853720326225,21
4697.567490406292,0.11347172234425111,0.10887853720326225,21
4703.895658275369,0.11352292627081469,0.10899257989281538,21
4706.311266796129,0.11372616248227706,0.10899257989281538,22
4709.1832020304055,0.11382016307390609,0.10900256504904535,22
4709.687610958178,0.11382016307390609,0.10900256504904535,22
4712.551297083869,0.11395101424833212,0.10913675013265424,22
4713.934411373551,0.11395101424833212,0.10913675013265424,22
4728.927713909535,0.11376786293804872,0.10925056546341272,22
4729.128632967111,0.11376786293804872,0.10925056546341272,22
4735.1622871348545,0.11382925596118003,0.10911100966950343,22
4736.406349454033,0.11382925596118003,0.10911100966950343,22
4759.390028653936,0.11345991749970623,0.10915448588138868,22
4759.913195892176,0.11345991749970623,0.10915448588138868,22
4768.042567303778,0.11346375212961311,0.10882551397093461,22
4768.196410606173,0.11346375212961311,0.10882551397093461,22
4781.177783914449,0.11336118933361508,0.10884618738556123,22
4782.280349202979,0.11336118933361508,0.10884618738556123,22
4791.462280008015,0.11332657303087267,0.10873473782996931,22
4791.508467215701,0.11332657303087267,0.10873473782996931,22
4793.566525153092,0.11348543869068893,0.10873402469488863,22
4793.669718158495,0.11348543869068893,0.10873402469488863,22
4795.238695869905,0.11365440483065076,0.10889360984188291,22
4797.925321685174,0.11365440483065076,0.10889360984188291,22
4799.4050899317635,0.11376409987675427,0.10900544817490132,22
4799.699169490959,0.11376409987675427,0.10900544817490132,22
4803.50991047488,0.11387506431644336,0.10917350890047006,22
4805.065245058138,0.11387506431644336,0.10917350890047006,22
4812.376389875592,0.11387305472466726,0.1092597026731211,22
4815.262106932552,0.11402486980229463,0.1092597026731211,23
4823.305101062621,0.11402969301668883,0.10923600591600521,23
4823.75159251233,0.11402969301668883,0.10923600591600521,23
4826.375439731081,0.11416434690598809,0.10925106525345044,23
4826.715520265279,0.11416434690598809,0.10925106525345044,23
4841.727082672669,0.11400890437948683,0.10939115797961525,23
4842.174266228841,0.11400890437948683,0.10939115797961525,23
4845.121153394467,0.11413543283898506,0.10924844314039801,23
4846.13447066075,0.11413543283898506,0.10924844314039801,23
4852.473943049171,0.11416856772483368,0.10936551662127873,23
4852.5887610327145,0.11416856772483368,0.10936551662127873,23
4863.909482412362,0.11410574189483798,0.10942612822748121,23
4864.282463880495,0.11410574189483798,0.10942612822748121,23
4893.397515877622,0.11362248789229673,0.10936864870622573,23
4893.502844912751,0.11362248789229673,0.10936864870622573,23
4899.839462844903,0.11367719375781332,0.1089199325906396,23
4900.6945259094955,0.11367719375781332,0.1089199325906396,23
4918.441387124778,0.11345057429386092,0.1089641472605146,23
4920.602230019594,0.11345057429386092,0.1089641472605146,23
4923.518972685735,0.11353668039082838,0.10872652878464222,23
4926.967348525407,0.11353668039082838,0.10872652878464222,23
4932.500269179249,0.11353268513722395,0.10878903026634011,23
4933.501130888813,0.11353268513722395,0.10878903026634011,23
4953.839276370825,0.11324549883479218,0.10884764911430247,23
4954.824556090018,0.11324549883479218,0.10884764911430247,23
4959.60208958721,0.1133155422246335,0.10858103933039154,23
4961.703954391225,0.1133155422246335,0.10858103933039154,23
4977.365719327687,0.11311204194094195,0.10863203547704056,23
4978.542104587782,0.11311204194094195,0.10863203547704056,23
4982.6865444241375,0.11319194875526391,0.10846548822041376,23
4982.921291724605,0.11319194875526391,0.10846548822041376,23
4989.825258264395,0.11323041805205884,0.10857084997478621,23
4990.222561473001,0.11323041805205884,0.10857084997478621,23
4992.45076801931,0.11337117305706615,0.10861239019367781,23
4992.6857137683555,0.11337117305706615,0.10861239019367781,23
5007.866854701564,0.11322186001564322,0.10875909903612921,23
5008.353254259539,0.11322186001564322,0.10875909903612921,23
5013.791016649294,0.11328752995763937,0.10861853634971436,23
5014.702692247766,0.11328752995763937,0.10861853634971436,23
5021.9372332483,0.11330288961655505,0.10868042104320881,23
5023.386458053749,0.11330288961655505,0.10868042104320881,23
5029.630455563766,0.11332840554308861,0.10869161760879953,23
5030.496023310052,0.11332840554308861,0.10869161760879953,23
5036.5547284957365,0.11337114968083352,0.10873679205099054,23
5036.876357329516,0.11337114968083352,0.10873679205099054,23
5051.735303337141,0.11322841868261403,0.10879758825180735,23
5052.236010860596,0.11322841868261403,0.10879758825180735,23
5064.889526510238,0.11313178638958449,0.1086647573113837,23
5068.980551672527,0.11313178638958449,0.1086647573113837,23
5077.242852071727,0.11305348527218549,0.10850307954299127,23
5078.099462566685,0.11305348527218549,0.10850307954299127,23
5093.43209319728,0.11289048120774249,0.10850516104729886,23
5093.4651800929305,0.11289048120774249,0.10850516104729886,23
5099.095644056514,0.11296120728219392,0.1083741579617373,23
5100.095688160933,0.11296120728219392,0.1083741579617373,23
5105.552802776638,0.1130142067448995,0.10842933815608641,23
5107.05315990891,0.1130142067448995,0.10842933815608641,23
5108.343644206314,0.11314822186160974,0.10847742967490105,23
5109.326561563181,0.11314822186160974,0.10847742967490105,23
5110.578894170547,0.11329440597432992,0.10862488300810423,23
5110.762024885417,0.11329440597432992,0.10862488300810423,23
5116.194635004837,0.11336550725253079,0.10879003899862966,23
5116.587178716369,0.11336550725253079,0.10879003899862966,23
5123.5406168818945,0.11339814465130314,0.10886162603013405,23
5123.822694626344,0.11339814465130314,0.10886162603013405,23
5127.357232863555,0.11350876749326114,0.10890306578820684,23
5127.685038009494,0.11350876749326114,0.10890306578820684,23
5132.044593255429,0.11359994820898144,0.10901605614548376,23
5132.858132020357,0.11359994820898144,0.10901605614548376,23
5134.6300099035825,0.11373750374877864,0.10910100875505341,23
5138.846381899622,0.11373750374877864,0.10910100875505341,23
5139.496715393597,0.11382437471899408,0.1091684705688013,23
5140.110202477796,0.11382437471899408,0.1091684705688013,23
5142.928759471044,0.11394285773856816,0.10933617721446659,23
5143.52236371014,0.11394285773856816,0.10933617721446659,23
5166.691783698026,0.11361235091516503,0.10945806398592098,23
5168.3621578760585,0.11361235091516503,0.10945806398592098,23
5172.595581839327,0.11367600476334024,0.10912547975000578,23
5173.084284572096,0.11367600476334024,0.10912547975000578,23
5179.399291186907,0.11371975143955838,0.10921917543176765,23
5179.422049082039,0.11371975143955838,0.10921917543176765,23
5185.178780209103,0.11378585483916662,0.10927860186645989,23
5185.665742717412,0.11378585483916662,0.10927860186645989,23
5188.352415183262,0.11390899320379431,0.10933986649569097,23
5192.560600221938,0.11390899320379431,0.10933986649569097,23
5193.232466567429,0.11399451185964227,0.1093872645368304,23
5194.366937753971,0.11399451185964227,0.1093872645368304,23
5208.196939822976,0.11385898168823005,0.10954174143231282,23
5208.503964696235,0.11385898168823005,0.10954174143231282,23
5210.18172146214,0.11400753980483143,0.1094364147293575,23
5211.032729497378,0.11400753980483143,0.1094364147293575,23
5221.610674427403,0.1139495142588828,0.10957520891546481,23
5223.872656821906,0.1139495142588828,0.10957520891546481,23
5232.230399732069,0.11390935690265472,0.10949730929084185,23
5233.16029668374,0.11390935690265472,0.10949730929084185,23
5235.08420356953,0.11403828033805778,0.10949406620758603,23
5235.202513152945,0.11403828033805778,0.10949406620758603,23
5249.199961426484,0.11392212230327989,0.10964236790417943,23
5249.4795399900495,0.11392212230327989,0.10964236790417943,23
5253.973315934886,0.1140089536015115,0.1095346682694357,23
5254.069371601957,0.1140089536015115,0.1095346682694357,23
5299.1006127793025,0.11322676126455138,0.10962931001886993,23
5301.311068330177,0.11322676126455138,0.10962931001886993,23
5305.976693306724,0.11326849602602615,0.10884100037950523,23
5306.927271289205,0.11326849602602615,0.10884100037950523,23
5312.066707206795,0.11332689011289641,0.10891424932974203,23
5312.199163411484,0.11332689011289641,0.10891424932974203,23
5315.285039400144,0.11344640890002984,0.10899440743636715,23
5315.4760553307715,0.11344640890002984,0.10899440743636715,23
5351.140947611813,0.1128731247995929,0.10911534431959881,23
5353.3871783130335,0.1128731247995929,0.10911534431959881,23
5358.886057097903,0.1128965970826476,0.10852941897303335,23
5359.334095676476,0.1128965970826476,0.10852941897303335,23
5361.521215559741,0.1130276232501551,0.10859558101994717,23
5365.065029524602,0.1130276232501551,0.10859558101994717,23
5377.552050786324,0.11287663871356529,0.10866597083011677,23
5379.803227469528,0.11287663871356529,0.10866597083011677,23
5385.259025064481,0.11290079031857155,0.10855415622230727,23
5385.819862375061,0.11290079031857155,0.10855415622230727,23
5387.620005344961,0.11303692528348733,0.10861856039537576,23
5389.533725748947,0.11303692528348733,0.10861856039537576,23
5406.586948792865,0.11282533801406734,0.1087292574495519,23
5407.995073605669,0.11282533801406734,0.1087292574495519,23
5419.867845632246,0.11273337605314337,0.10854299828506128,23
5419.9489716013795,0.11273337605314337,0.10854299828506128,23
5424.294933166003,0.1128257234425108,0.10848810626832699,23
5424.383772314944,0.1128257234425108,0.10848810626832699,23
5429.667969312627,0.11289824782372525,0.10858376263975783,23
5429.780940247576,0.11289824782372525,0.10858376263975783,23
5435.58229697515,0.11295937885839484,0.10866000055853052,23
5437.148346623408,0.11295937885839484,0.10866000055853052,23
5444.811413264371,0.11295157046243483,0.10869668479195062,23
5444.847895967435,0.11295157046243483,0.10869668479195062,23
5446.654714558734,0.11309694340517891,0.10872663687050785,23
5447.644249457933,0.11309694340517891,0.10872663687050785,23
5450.294928885702,0.11320488304770399,0.10885439152143725,23
5451.110401714247,0.11320488304770399,0.10885439152143725,23
5453.213646516426,0.11332767062863663,0.10896862404643297,23
5454.8849085128195,0.11332767062863663,0.10896862404643297,23
5468.531351408373,0.11319309705348621,0.10907654514790056,23
5469.865968946235,0.11319309705348621,0.10907654514790056,23
5474.072989097044,0.11326118618346553,0.10896062232304002,23
5477.303418227041,0.11326118618346553,0.10896062232304002,23
5487.216066503835,0.1131721427539245,0.10899523988635343,23
5487.808429117709,0.1131721427539245,0.10899523988635343,23
5501.76773549825,0.1130545726215886,0.10896881837694582,23
5503.991527891753,0.1130545726215886,0.10896881837694582,23
5516.656427897285,0.1129307231912322,0.10883010937871859,23
5517.415872468106,0.1129307231912322,0.10883010937871859,23
5521.285346488063,0.11301716191808656,0.10874656068504802,23
5522.688981254023,0.11318043796512091,0.10874656068504802,24
5529.4785731999555,0.11321139809349665,0.10882379979028485,24
5530.419392980715,0.11321139809349665,0.10882379979028485,24
5543.400429774511,0.1131074703952975,0.10885250416343953,24
5543.667176302451,0.1131074703952975,0.10885250416343953,24
5545.684631105416,0.11324120316499522,0.10877276373618674,24
5547.174963349653,0.11324120316499522,0.10877276373618674,24
5555.018007239913,0.11323095607974948,0.10888425261338351,24
5555.305966837658,0.11323095607974948,0.10888425261338351,24
5557.581269686364,0.11335866619464718,0.10890489265785562,24
5558.670141211026,0.11335866619464718,0.10890489265785562,24
5574.57170621511,0.11319255240658145,0.10901888124413428,24
5574.792119635767,0.11319255240658145,0.10901888124413428,24
5577.424303021111,0.11331395383666004,0.10888298379091106,24
5577.588385044258,0.11331395383666004,0.10888298379091106,24
5581.812903232876,0.11340401603811888,0.10900768540580923,24
5583.286167956421,0.11340401603811888,0.10900768540580923,24
5587.02150319303,0.11347727937643763,0.10907554828465912,24
5587.2775651128895,0.11347727937643763,0.10907554828465912,24
5591.904640296616,0.11355701515795469,0.1091766057603539,24
5592.5717506952615,0.11355701515795469,0.1091766057603539,24
5600.608807071829,0.11355908293343567,0.10925206277845988,24
5600.620341632948,0.11355908293343567,0.10925206277845988,24
5612.12086725633,0.1135043266292692,0.10927360946976132,24
5612.487509218209,0.1135043266292692,0.10927360946976132,24
5641.313049836705,0.1130942378775572,0.10922073305164251,24
5643.189588427104,0.1130942378775572,0.10922073305164251,24
5644.783924900232,0.11320185298523963,0.1088037164760819,24
5645.023666430358,0.11320185298523963,0.1088037164760819,24
5657.565462262179,0.11312286252258333,0.10894551313527025,24
5658.083817504475,0.11312286252258333,0.10894551313527025,24
5660.883698131141,0.11323320424541082,0.10887078026208699,24
5660.9281076509205,0.11323320424541082,0.10887078026208699,24
5670.596005496519,0.11321561249958703,0.10899272844785032,24
5672.724721299346,0.11337271860030888,0.10899272844785032,25
5679.691438082616,0.11338644132706713,0.1089423566914148,25
5680.469565708475,0.11338644132706713,0.1089423566914148,25
5682.605890241896,0.11350426414536091,0.10896986469864091,25
5685.317972872309,0.11350426414536091,0.10896986469864091,25
5686.668731209644,0.11359902089154851,0.10905282746863965,25
5689.284572467961,0.11359902089154851,0.10905282746863965,25
5690.6645752966915,0.11369498086544096,0.10915256427938104,25
5691.431920266857,0.11369498086544096,0.10915256427938104,25
5728.879997856485,0.1131111142566183,0.1092870842898242,25
5730.682974945915,0.1131111142566183,0.1092870842898242,25
5731.063390767751,0.11324250941727203,0.1087130456742601,25
5733.382689002292,0.11324250941727203,0.1087130456742601,25
5735.888172220277,0.11332159562455255,0.10883627238016913,25
5736.2869686790555,0.11332159562455255,0.10883627238016913,25
5738.680441731187,0.1134407128276362,0.10895549741716011,25
5740.30383314646,0.1134407128276362,0.10895549741716011,25
5747.723306132808,0.11343621905117066,0.1090534609658227,25
5748.870342649537,0.11343621905117066,0.1090534609658227,25
5753.021175347395,0.11350557908568253,0.10906490538644302,25
5753.840275357409,0.11350557908568253,0.10906490538644302,25
5762.971453179402,0.11348312330077422,0.10914449653557523,25
5763.725738354372,0.11348312330077422,0.10914449653557523,25
5768.500255510447,0.11354771101453995,0.10913079985995112,25
5771.10699997743,0.11354771101453995,0.10913079985995112,25
5779.996993375865,0.11349486872602275,0.1091644982500695,25
5781.569640202319,0.11349486872602275,0.1091644982500695,25
5786.391222577902,0.11354227094712395,0.10913991169669954,25
5787.2303374827725,0.11354227094712395,0.10913991169669954,25
5790.634732772836,0.11363175720201535,0.10920595226816153,25
5790.781958486274,0.11363175720201535,0.10920595226816153,25
5800.596483751357,0.1136090058748255,0.10931166197206775,25
5801.239748618125,0.1136090058748255,0.10931166197206775,25
5821.373122642228,0.11337531302244316,0.10928698476063171,25
5822.514640655145,0.11337531302244316,0.10928698476063171,25
5823.10478641589,0.11351332738197972,0.10905940803758121,25
5823.1735607331875,0.11351332738197972,0.10905940803758121,25
5828.033215182509,0.1135889202339196,0.10921879510661917,25
5829.118352505715,0.1135889202339196,0.10921879510661917,25
5836.55237474947,0.1135944573834924,0.10927896149615457,25
5839.847688833407,0.1135944573834924,0.10927896149615457,25
5847.466458233883,0.11355345169445379,0.10924942464166383,25
5847.582217068862,0.11355345169445379,0.10924942464166383,25
5854.5943620518365,0.11358600765074015,0.10927593256145834,25
5857.952421045851,0.11358600765074015,0.10927593256145834,25
5860.372917040036,0.1136446450469886,0.10925319190041106,25
5860.736872653859,0.1136446450469886,0.10925319190041106,25
5884.015136996232,0.11335796806608846,0.10937191242809412,25
5884.412692265436,0.11335796806608846,0.10937191242809412,25
5901.052113428134,0.11320015264395533,0.10910179716726104,25
5901.935735475467,0.11320015264395533,0.10910179716726104,25
5904.570534553129,0.11330205915655667,0.10894730624310994,25
5904.938519201359,0.11330205915655667,0.10894730624310994,25
5911.924099330595,0.11333027771379268,0.10906125405131242,25
5912.704111740087,0.11333027771379268,0.10906125405131242,25
5915.693985994264,0.11342709774857015,0.10908714317689389,25
5916.15369175523,0.11342709774857015,0.10908714317689389,25
5919.835083763076,0.11351667580118265,0.10919256558535109,25
5921.21472882535,0.11351667580118265,0.10919256558535109,25
5923.808932000303,0.11360933610881115,0.10926811974075323,25
5925.068041948054,0.11375492002007419,0.10926811974075323,26
5926.942113717504,0.11388672051271742,0.10936583266425232,26
5927.413976014208,0.11388672051271742,0.10936583266425232,26
5935.671440369539,0.11388770534069757,0.10949125582019992,26
5936.49768737362,0.11388770534069757,0.10949125582019992,26
5938.963187924342,0.11399296115802503,0.10949216764330419,26
5939.180795128461,0.11399296115802503,0.10949216764330419,26
5941.291000097695,0.1141166120273946,0.10961107641881766,26
5941.374489177696,0.1141166120273946,0.10961107641881766,26
5945.534729708155,0.11420335274592361,0.10973891667452168,26
5945.642737647832,0.11420335274592361,0.10973891667452168,26
5950.769856792494,0.11427092903346202,0.10982832787197279,26
5951.315587275292,0.11427092903346202,0.10982832787197279,26
5969.889828095527,0.11407245688104228,0.10989166855784616,26
5970.297411319663,0.11407245688104228,0.10989166855784616,26
5972.567486432447,0.11418874739368988,0.10970977739871422,26
5974.062012685502,0.11418874739368988,0.10970977739871422,26
5982.577382883547,0.11416484172091064,0.10980803322881985,26
5982.702992449318,0.11416484172091064,0.10980803322881985,26
5995.866213341781,0.11407859609642196,0.10981658304435137,26
5997.329102989433,0.11407859609642196,0.10981658304435137,26
6010.0507330574565,0.11397574337139149,0.10971550646970714,26
6012.961834151719,0.11397574337139149,0.10971550646970714,26
6015.049414597956,0.11404727587692678,0.1095965712366722,26
6016.52654653222,0.11404727587692678,0.1095965712366722,26
6018.027817203519,0.11415699974601279,0.10969784557510313,26
6019.461134793055,0.11415699974601279,0.10969784557510313,26
6025.087881195635,0.11418920579519769,0.10981049386287378,26
6025.123264193744,0.11418920579519769,0.10981049386287378,26
6039.114035443174,0.11408958266995839,0.10987327079831719,26
6040.064487567677,0.11408958266995839,0.10987327079831719,26
6042.1082932472345,0.11419854900170459,0.10976703996532806,26
6042.156882511471,0.11419854900170459,0.10976703996532806,26
6045.724148274756,0.1142956547557976,0.10989453152431274,26
6046.047170094621,0.1142956547557976,0.10989453152431274,26
6052.706587878388,0.11432901792825247,0.10998921796198834,26
6054.304004088594,0.11432901792825247,0.10998921796198834,26
6054.670776847015,0.11445709032603776,0.1100043868874501,26
6056.203413588051,0.11445709032603776,0.1100043868874501,26
6056.598699821154,0.11458576577320423,0.11013500611678265,26
6058.02238490158,0.11458576577320423,0.11013500611678265,26
6060.786594089359,0.11467158416001358,0.11026700754108429,26
6062.808466295416,0.11467158416001358,0.11026700754108429,26
6079.64871839055,0.11448029849070791,0.11034490100077035,26
6080.269735476613,0.11448029849070791,0.11034490100077035,26
6096.728115071943,0.11432361536295525,0.11019247979916812,26
6096.770974373784,0.11432361536295525,0.11019247979916812,26
6119.0399921894805,0.11407018108901844,0.11005825917036685,26
6119.931237282141,0.11407018108901844,0.11005825917036685,26
6123.687447123215,0.1141469100171623,0.10980515531060688,26
6124.193978857019,0.1141469100171623,0.10980515531060688,26
6126.06646699977,0.11426581865717558,0.10989201229148599,26
6126.1215916323235,0.11426581865717558,0.10989201229148599,26
6128.153595995696,0.11439008324759559,0.11002066967143084,26
6128.475927165348,0.11439008324759559,0.11002066967143084,26
6134.239496856309,0.11443961396677824,0.11014157647384494,26
6135.35573256378,0.11443961396677824,0.11014157647384494,26
6137.806644711808,0.11453602902360707,0.11018106031115493,26
6138.601794874513,0.11453602902360707,0.11018106031115493,26
6140.197287820101,0.11465429643384223,0.11028570065666549,26
6141.283589679257,0.11465429643384223,0.11028570065666549,26
6164.717406641068,0.11436047323767418,0.11040037316293518,26
6165.83060260303,0.11436047323767418,0.11040037316293518,26
6166.921263023397,0.114481760004485,0.11012303836458733,26
6167.446963205306,0.114481760004485,0.11012303836458733,26
6170.101857715087,0.11458481825805973,0.11025631903392887,26
6170.484441515819,0.11458481825805973,0.11025631903392887,26
6180.580463739712,0.11455234733269813,0.11036410616614536,26
6180.736794561028,0.11455234733269813,0.11036410616614536,26
6190.593082488767,0.11452860663795478,0.1103428317154925,26
6194.562651955361,0.11452860663795478,0.1103428317154925,26
6218.21236166073,0.11418072569820963,0.11025798565204693,26
6218.725574683843,0.11418072569820963,0.11025798565204693,26
6220.707031695508,0.1142956896020565,0.10999038175675958,26
6221.254667010253,0.1142956896020565,0.10999038175675958,26
6228.781453436245,0.1143080721843611,0.1101064072545338,26
6228.947349608515,0.1143080721843611,0.1101064072545338,26
6233.4005232259915,0.11438379378050921,0.11013096780198578,26
6233.64670095434,0.11438379378050921,0.11013096780198578,26
6249.1137041528,0.11425620236762804,0.11020836325145339,26
6249.988426375359,0.11425620236762804,0.11020836325145339,26
6256.9644646133975,0.11427266433167735,0.11008020384431355,26
6258.0147190514035,0.11427266433167735,0.11008020384431355,26
6259.050476619102,0.11439434826011431,0.11009881422976892,26
6259.911363528529,0.11439434826011431,0.11009881422976892,26
6265.669895478297,0.11443309525728965,0.11022520287109419,26
6267.832171329077,0.11443309525728965,0.11022520287109419,26
6270.848326952302,0.11449806510452717,0.1102454534696763,26
6271.4711833034025,0.11449806510452717,0.1102454534696763,26
6274.275851083044,0.11459489781213376,0.11034093592621746,26
6274.75897447576,0.11459489781213376,0.11034093592621746,26
6277.683703536714,0.11469198417791696,0.11044248915678843,26
6280.039013087611,0.11469198417791696,0.11044248915678843,26
6280.463575055863,0.1148004428946293,0.11050886762864098,26
6284.25005413408,0.11491799478617754,0.11050886762864098,27
6286.169745583659,0.11501439338445207,0.11059394422772784,27
6286.414714998322,0.11501439338445207,0.11059394422772784,27
6288.56419822284,0.11512961896844494,0.11071493554815302,27
6289.016617300096,0.11512961896844494,0.11071493554815302,27
6291.105153176878,0.11524207310918813,0.1108281377541065,27
6293.704332750423,0.11524207310918813,0.1108281377541065,27
6312.256113441908,0.11501434462616111,0.11090447899940761,27
6312.760698970418,0.11501434462616111,0.11090447899940761,27
6326.995741818556,0.11490445539497705,0.1107281003244751,27
6327.106949447746,0.11490445539497705,0.1107281003244751,27
6337.923693731375,0.11486411562828376,0.11063508260455415,27
6338.501523958531,0.11486411562828376,0.11063508260455415,27
6341.6481965140265,0.11495434268976444,0.11059396252415987,27
6342.531567702321,0.11495434268976444,0.11059396252415987,27
6346.127037062247,0.11503078897360555,0.11068135688511996,27
6350.153182731697,0.11503078897360555,0.11068135688511996,27
6362.999959750086,0.11488291758982044,0.11070599082738738,27
6363.637121933012,0.11488291758982044,0.11070599082738738,27
6380.096599965142,0.1147318051585613,0.11062855824597265,27
6380.450122042313,0.1147318051585613,0.11062855824597265,27
6383.4743594359,0.11482775033262206,0.11049377183663919,27
6384.56037359472,0.11482775033262206,0.11049377183663919,27
6388.293950751443,0.11489765587785154,0.11057926602431023,27
6388.521796318038,0.11489765587785154,0.11057926602431023,27
6391.827218935694,0.11499059264658677,0.11066722827923552,27
6392.123185510029,0.11499059264658677,0.11066722827923552,27
6401.164294221035,0.11497908289347614,0.11076131974504627,27
6401.512900447506,0.11497908289347614,0.11076131974504627,27
6404.893117780489,0.1150682745905673,0.11075506853238341,27
6405.129337645232,0.1150682745905673,0.11075506853238341,27
6415.915357500518,0.11502645513196211,0.11084865934354775,27
6416.737944384125,0.11502645513196211,0.11084865934354775,27
6433.610551978137,0.11486551665344125,0.11080396397086174,27
6434.684045928598,0.11486551665344125,0.11080396397086174,27
6445.032725285024,0.11481710513227447,0.11065034350062643,27
6445.246434432888,0.11481710513227447,0.11065034350062643,27
6465.542835957903,0.11460754631134032,0.11062416421983348,27
6466.411487011501,0.11460754631134032,0.11062416421983348,27
6470.704661065679,0.11467066399500883,0.11041672826329527,27
6470.714565384686,0.11467066399500883,0.11041672826329527,27
6478.274775555652,0.11469102897634836,0.11049784266870889,27
6478.509938403819,0.11469102897634836,0.11049784266870889,27
6481.666630394617,0.11478529249115421,0.11051924081425561,27
6481.848483551064,0.11478529249115421,0.11051924081425561,27
6488.6642344163265,0.11481561891405448,0.11061659367995491,27
6488.666000259083,0.11481561891405448,0.11061659367995491,27
6507.226452892302,0.11464177640051566,0.11065448583288634,27
6507.439485643807,0.11464177640051566,0.11065448583288634,27
6510.440672773284,0.1147387769193505,0.11048892603399546,27
6510.616478968936,0.1147387769193505,0.11048892603399546,27
6524.071741094951,0.11465232598353699,0.11058860590633715,27
6524.950992770638,0.11465232598353699,0.11058860590633715,27
6527.808015133377,0.1147398940446162,0.11049891421389015,27
6528.487071284655,0.1147398940446162,0.11049891421389015,27
6534.787613408502,0.11477037118407662,0.11059223861768744,27
6537.33871393191,0.11489758392750554,0.11059223861768744,28
6537.519524235118,0.11502833715635948,0.1105954627162264,28
6538.563218012846,0.11502833715635948,0.1105954627162264,28
6558.741998744176,0.11480860203743025,0.11072768983948632,28
6558.774826034247,0.11480860203743025,0.11072768983948632,28
6566.397138022421,0.11482704809826345,0.1105389374128537,28
6566.437348519435,0.11482704809826345,0.1105389374128537,28
6569.530960871316,0.11492449072800541,0.110562236638669,28
6569.907538382551,0.11492449072800541,0.110562236638669,28
6571.449991075995,0.11504310327654402,0.11065604740291071,28
6572.534136603675,0.11504310327654402,0.11065604740291071,28
6591.842200071081,0.11483891407349484,0.1107639739663932,28
6592.904692261823,0.11483891407349484,0.1107639739663932,28
6594.186775231309,0.114949731610144,0.11057341703356287,28
6595.216679539368,0.114949731610144,0.11057341703356287,28
6614.80034440977,0.1147426922176779,0.11068627999209052,28
6614.829360521376,0.1147426922176779,0.11068627999209052,28
6617.820834266415,0.11484142877739995,0.11050927547167795,28
6618.308764749115,0.11484142877739995,0.11050927547167795,28
6627.572855249886,0.11482333225461122,0.11060227408833327,28
6627.9046951677865,0.11482333225461122,0.11060227408833327,28
6638.615029910715,0.11478297755883705,0.11059302052644315,28
6642.530061869262,0.11478297755883705,0.11059302052644315,28
6665.82362260619,0.114464474789341,0.11050006445788617,28
6666.490402372014,0.114464474789341,0.11050006445788617,28
6676.68418874429,0.11442805716166253,0.11025291504784565,28
6679.31268029428,0.11442805716166253,0.11025291504784565,28
6702.330615176603,0.11413940074334018,0.11019097850762288,28
6704.286857544448,0.11413940074334018,0.11019097850762288,28
6705.713413535804,0.11423094796353693,0.10992966375993314,28
6705.721439232606,0.11423094796353693,0.10992966375993314,28
6707.732035304308,0.11434565304086476,0.11005527245468993,28
6708.306031400518,0.11434565304086476,0.11005527245468993,28
6709.514267077689,0.11446432177190978,0.11016193902616518,28
6712.581522854523,0.11446432177190978,0.11016193902616518,28
6713.707445672975,0.11454177981729381,0.1102407467947317,28
6714.37659103291,0.11454177981729381,0.1102407467947317,28
6737.785567336965,0.1142808705181655,0.11036020842048239,28
6740.377589706607,0.1142808705181655,0.11036020842048239,28
6742.169996926641,0.11435487392804596,0.11008285368658369,28
6742.234151847386,0.11435487392804596,0.11008285368658369,28
6743.147437900388,0.11448659652033019,0.11020085972487569,28
6743.317521210142,0.11448659652033019,0.11020085972487569,28
6765.266020179777,0.1142601041399195,0.1103314500110449,28
6768.283437781766,0.11437569256859878,0.1103314500110449,29
6770.051452927051,0.11447475774573715,0.11007222242515392,29
6770.615294502326,0.11447475774573715,0.11007222242515392,29
6794.8018450596865,0.11420494926783012,0.11018200969205041,29
6796.406863667927,0.11420494926783012,0.11018200969205041,29
6807.864479579109,0.11413270671451989,0.10991101842258667,29
6810.018934544782,0.11413270671451989,0.10991101842258667,29
6811.369943962167,0.11422078178115197,0.10983816743969162,29
6812.764102161238,0.11422078178115197,0.10983816743969162,29
6819.107521278445,0.11423782328834041,0.10994069202578026,29
6819.37939088658,0.11423782328834041,0.10994069202578026,29
6828.098369089331,0.11423385514348254,0.1099806825533567,29
6828.402523684201,0.11423385514348254,0.1099806825533567,29
6830.6272839750645,0.11433796158549867,0.10998179990051392,29
6831.590308729192,0.11433796158549867,0.10998179990051392,29
6835.218469535697,0.11440746239280333,0.11007685853747963,29
6836.488409919221,0.11440746239280333,0.11007685853747963,29
6845.404348797445,0.11438330887459587,0.11014426630307084,29
6845.709811325814,0.11438330887459587,0.11014426630307084,29
6861.027368207209,0.11426860117668641,0.11014197516122469,29
6861.141182852072,0.11426860117668641,0.11014197516122469,29
6869.111366634419,0.11427970200235923,0.1100400035327881,29
6869.524549726367,0.11427970200235923,0.1100400035327881,29
6871.177260884083,0.11439087803403124,0.11005128441241449,29
6873.126548457627,0.11439087803403124,0.11005128441241449,29
6879.20403500134,0.11440277043619432,0.11013910403990387,29
6881.2498456892,0.11440277043619432,0.11013910403990387,29
6897.53895873635,0.11424364613438356,0.11015440755647808,29
6897.923592802224,0.11424364613438356,0.11015440755647808,29
6913.166680750182,0.11413004147534624,0.11003311210811231,29
6913.27098005807,0.11413004147534624,0.11003311210811231,29
6915.218509286798,0.11424078630907598,0.10993348910989978,29
6915.978773570944,0.11424078630907598,0.10993348910989978,29
6920.770683775588,0.11429362944423906,0.11003503985699352,29
6923.8027734349935,0.11442695765395719,0.11003503985699352,30
6929.575573571406,0.11443702310202225,0.11005512793108654,30
6929.904650386437,0.11443702310202225,0.11005512793108654,30
6940.172779857338,0.11440637361427786,0.11010252499757732,30
6940.729370404793,0.11440637361427786,0.11010252499757732,30
6961.026871895881,0.11420728789450521,0.11007488683504778,30
6961.2212239888295,0.11420728789450521,0.11007488683504778,30
6983.856479633697,0.11397714175846727,0.10989451065910093,30
6984.5655600600485,0.11397714175846727,0.10989451065910093,30
6986.714117038444,0.1140736527427625,0.10967038585480962,30
6986.79738610733,0.1140736527427625,0.10967038585480962,30
6989.758986342085,0.1141670265826452,0.10977848041294518,30
6990.243924707886,0.1141670265826452,0.10977848041294518,30
7000.609699789681,0.11413291616928799,0.10986741067581468,30
7001.389741086968,0.11413291616928799,0.10986741067581468,30
7023.567134808529,0.11390223580767538,0.10983533675995769,30
7024.9751518691755,0.11390223580767538,0.10983533675995769,30
7031.090423982139,0.11392258550222775,0.10960892862306021,30
7032.810668225802,0.11392258550222775,0.10960892862306021,30
7033.796623912615,0.1140209253809616,0.10962899989379403,30
7034.234403305708,0.1140209253809616,0.10962899989379403,30
7039.737843437151,0.11406674763444534,0.1097489727719625,30
7039.794810043306,0.11406674763444534,0.1097489727719625,30
7057.632719149094,0.11391921795796348,0.1098043367538499,30
7058.519106162679,0.11391921795796348,0.1098043367538499,30
7063.716829924057,0.11396266574415537,0.10965472903859297,30
7063.971766867196,0.11396266574415537,0.10965472903859297,30
7075.514494163369,0.11391397765701333,0.10971165026947795,30
7077.045435683528,0.11391397765701333,0.10971165026947795,30
7087.765895728779,0.11385816234228524,0.10965027807894114,30
7087.890551118584,0.11385816234228524,0.10965027807894114,30
7091.950253556537,0.11393198924298667,0.10962358890789825,30
7092.688485387402,0.11393198924298667,0.10962358890789825,30
7105.022344588796,0.11386311833574128,0.10969042297612,30
7105.8776664543,0.11386311833574128,0.10969042297612,30
7114.011720599859,0.11385980678869337,0.10962755574551095,30
7114.315061052319,0.11385980678869337,0.10962755574551095,30
7122.935982544584,0.11385754441531284,0.10963810195448749,30
7123.089079645779,0.11385754441531284,0.10963810195448749,30
7128.090080156981,0.11391550764214213,0.10964344138720754,30
7128.098231825476,0.11391550764214213,0.10964344138720754,30
7130.3861925848205,0.1140190696606969,0.10970668116055593,30
7130.394894246985,0.1140190696606969,0.10970668116055593,30
7142.731748354701,0.11396200062917126,0.10981158990671719,30
7143.31366696426,0.11396200062917126,0.10981158990671719,30
7162.717140176041,0.11378363602111606,0.1097529853162925,30
7164.747482103432,0.11378363602111606,0.1097529853162925,30
7176.183864846099,0.1137094610963539,0.10956422427459217,30
7176.422817189409,0.1137094610963539,0.10956422427459217,30
7179.452101235719,0.11379698457203703,0.10952531923249066,30
7179.902968796995,0.11379698457203703,0.10952531923249066,30
7185.4563485895615,0.11384106454986201,0.10961150915551483,30
7185.930338292412,0.11384106454986201,0.10961150915551483,30
7198.545330532024,0.11377298640133311,0.10965873072842117,30
7200.581430641572,0.11377298640133311,0.10965873072842117,30
7223.141903391703,0.11352400533830857,0.10957448472736736,30
7223.219628651386,0.11352400533830857,0.10957448472736736,30
7234.948823087861,0.11347696024884928,0.10936951118949947,30
7235.131670443118,0.11347696024884928,0.10936951118949947,30
7239.558552402462,0.11354283469773412,0.10932765788235543,30
7242.169172479785,0.11354283469773412,0.10932765788235543,30
7243.131092916208,0.11362489363265772,0.10935950005277383,30
7243.536615527343,0.11362489363265772,0.10935950005277383,30
7268.826299360934,0.1133608049035984,0.10947690915237654,30
7269.7495795825425,0.1133608049035984,0.10947690915237654,30
7270.065790126621,0.11347902808808435,0.10921971813581983,30
7270.083665149583,0.11347902808808435,0.10921971813581983,30
7279.043347502985,0.11347645021008872,0.10935224910972778,30
7281.015636777702,0.11347645021008872,0.10935224910972778,30
7299.111702200456,0.11330145827891427,0.1093254072933538,30
7299.173901060412,0.11330145827891427,0.1093254072933538,30
7307.844971865133,0.11330289615991608,0.10919043864459964,30
7307.848981868753,0.11330289615991608,0.10919043864459964,30
7312.148678819721,0.113372968249575,0.10919765884323687,30
7312.662250034992,0.113372968249575,0.10919765884323687,30
7320.43668731324,0.11338121418882567,0.10926253294361798,30
7320.874583660418,0.11338121418882567,0.10926253294361798,30
7329.713142673743,0.1133741503691189,0.1092765612711811,30
7329.905114426463,0.1133741503691189,0.1092765612711811,30
7349.479790596748,0.11320529121863807,0.10927835865480712,30
7349.909006630571,0.11320529121863807,0.10927835865480712,30
7351.292300875823,0.11331341020146316,0.1091169971324124,30
7351.398033757525,0.11331341020146316,0.1091169971324124,30
7354.32048461295,0.11340272724651222,0.10923092401100232,30
7354.913959602923,0.11340272724651222,0.10923092401100232,30
7365.462720856961,0.11336694402586685,0.10931467103707715,30
7365.919020775731,0.11336694402586685,0.10931467103707715,30
7366.660605508477,0.11348425626869177,0.10928710969119812,30
7366.695474857437,0.11348425626869177,0.10928710969119812,30
7381.577602387338,0.1133903949921625,0.10941133684036233,30
7382.461092563251,0.1133903949921625,0.10941133684036233,30
7389.758016230606,0.1134001949941319,0.1093131395996024,30
7389.787303503388,0.1134001949941319,0.1093131395996024,30
7394.794397294646,0.11345819165803238,0.10934008880295366,30
7395.449125035535,0.11345819165803238,0.10934008880295366,30
7399.641542989644,0.11351901238997296,0.10939159830892796,30
7400.071084959416,0.11351901238997296,0.10939159830892796,30
7402.647178035123,0.11360800802385745,0.10945840799371757,30
7403.040751238285,0.11360800802385745,0.10945840799371757,30
7422.448329801361,0.11343965799254456,0.10954957932175996,30
7423.944875795507,0.11343965799254456,0.10954957932175996,30
7430.179463037568,0.11345620979864852,0.10937581213020399,30
7430.189505344081,0.11345620979864852,0.10937581213020399,30
7432.5043316460815,0.11355526513538927,0.10941847437609213,30
7435.675550593464,0.11355526513538927,0.10941847437609213,30
7458.740890110725,0.1132898987174035,0.1094722321410369,30
7459.67131056423,0.1132898987174035,0.1094722321410369,30
7460.899816021409,0.11339114863643043,0.10925414352316222,30
7461.337338924357,0.11339114863643043,0.10925414352316222,30
7467.763118731713,0.1134208445733145,0.1093637725965137,30
7468.456699572208,0.1134208445733145,0.1093637725965137,30
7472.908461127531,0.11347656731125697,0.1093934172567135,30
7472.997020331138,0.11347656731125697,0.1093934172567135,30
7483.8228068176,0.11344469556742838,0.10946076892236649,30
7484.459591928124,0.11344469556742838,0.10946076892236649,30
7491.7371489518855,0.11345833190622782,0.10942673815532107,30
7491.74945977584,0.11345833190622782,0.10942673815532107,30
7498.717561597699,0.11348607185288939,0.1094537403316388,30
7498.758750294223,0.11348607185288939,0.1094537403316388,30
7506.3733912903435,0.11350354633151835,0.10948478639451989,30
7507.37142600122,0.11362303546575513,0.10948478639451989,31
7512.7174399947735,0.11367391450843572,0.10949238466516581,31
7513.3471097566735,0.11367391450843572,0.10949238466516581,31
7525.124106247546,0.11361938858791149,0.10953839719866923,31
7525.852203425138,0.11361938858791149,0.10953839719866923,31
7535.5201589000935,0.11359534338037579,0.10948926151180383,31
7537.952489489606,0.11359534338037579,0.10948926151180383,31
7541.40848914965,0.11363924938332483,0.10944616607100169,31
7541.878803375839,0.11363924938332483,0.10944616607100169,31
7547.861423569474,0.11367458301774723,0.1095217811814043,31
7548.2209231428005,0.11367458301774723,0.1095217811814043,31
7560.617438123638,0.11361505948820802,0.10956224101290185,31
7560.773556450249,0.11361505948820802,0.10956224101290185,31
7564.668060782337,0.11368641599206653,0.10951260394429038,31
7564.741092671477,0.11368641599206653,0.10951260394429038,31
7567.526376084273,0.11377561929893323,0.10958735928227781,31
7568.996645390886,0.11377561929893323,0.10958735928227781,31
7572.538325484058,0.1138323720461195,0.10965786337155078,31
7572.6484750768695,0.1138323720461195,0.10965786337155078,31
7577.194388982907,0.1138943988628278,0.10973703622120985,31
7577.387638464784,0.1138943988628278,0.10973703622120985,31
7585.165493485184,0.11390654570979106,0.10980037444257865,31
7585.779163449563,0.11390654570979106,0.10980037444257865,31
7606.904024209983,0.11371249029132253,0.1098107369133062,31
7608.21454618889,0.11383378987539382,0.1098107369133062,32
7616.581448219696,0.11383059524724877,0.10961835985786804,32
7618.105570031272,0.11383059524724877,0.10961835985786804,32
7627.011310030723,0.11380604600106507,0.10960730227798253,32
7627.084819214717,0.11380604600106507,0.10960730227798253,32
7629.697715037441,0.11389704185622976,0.10960937498608733,32
7629.932303253071,0.11389704185622976,0.10960937498608733,32
7642.61585397994,0.1138353695412994,0.10969953162535133,32
7642.71145693708,0.1138353695412994,0.10969953162535133,32
7678.910619817865,0.1134275476201153,0.10964694987135362,32
7678.917936876048,0.1134275476201153,0.10964694987135362,32
7684.716637198455,0.11347197836534632,0.1092601857314969,32
7684.891591236427,0.11347197836534632,0.1092601857314969,32
7691.657058522636,0.11349960006767126,0.10930538056748981,32
7692.435708202466,0.11349960006767126,0.10930538056748981,32
7708.069746279395,0.11338766108361574,0.10932818055316852,32
7708.3349370435835,0.11338766108361574,0.10932818055316852,32
7723.101853626141,0.11329644702137019,0.10923240970675004,32
7724.030591093834,0.11329644702137019,0.10923240970675004,32
7734.060857098719,0.11326520649187317,0.10913990954049536,32
7734.4879421148635,0.11326520649187317,0.10913990954049536,32
7751.620978699549,0.11313762662156503,0.10912163886174767,32
7752.680550487116,0.11313762662156503,0.10912163886174767,32
7754.612660734567,0.11322293432472103,0.10899455930077075,32
7755.548094451611,0.11322293432472103,0.10899455930077075,32
7756.780973556065,0.11332020370262254,0.10908319949756175,32
7757.685532101015,0.11332020370262254,0.10908319949756175,32
7769.036799203935,0.11327015468509179,0.10918204875605558,32
7771.668466337502,0.1133664433627218,0.10918204875605558,33
7773.59119455802,0.11346107325755088,0.1091142788286787,33
7773.711060748545,0.11346107325755088,0.1091142788286787,33
7784.798356766244,0.11342618774865643,0.1092142470134783,33
7785.808732615753,0.11342618774865643,0.1092142470134783,33
7787.398971883534,0.11351672146138769,0.10917298757150826,33
7789.10103893206,0.11351672146138769,0.10917298757150826,33
7807.015730504868,0.1133595768920999,0.10925522672596863,33
7807.267270766516,0.1133595768920999,0.10925522672596863,33
7811.709428949654,0.11341947726787499,0.10912909350371847,33
7811.878598028586,0.11341947726787499,0.10912909350371847,33
7820.133876707217,0.11342516816009862,0.1091926851263746,33
7821.144511285588,0.11342516816009862,0.1091926851263746,33
7833.50248916966,0.11335925420687863,0.10919118023809857,33
7837.250389051955,0.11335925420687863,0.10919118023809857,33
7846.132799166844,0.11330422550258136,0.10909438356012846,33
7846.441122953062,0.11330422550258136,0.10909438356012846,33
7850.025339240538,0.11337543021053538,0.10909404487799668,33
7853.319773700461,0.11346106854908398,0.10909404487799668,34
7860.364633195888,0.11348074060494676,0.10912582508991406,34
7860.477921370551,0.11348074060494676,0.10912582508991406,34
7884.577078309016,0.11325908683887448,0.10915366833705187,34
7884.648351094863,0.11325908683887448,0.10915366833705187,34
7890.523124761135,0.1133004727144835,0.1089458859481944,34
7890.9115322235975,0.1133004727144835,0.1089458859481944,34
7893.963412116442,0.1133777740375975,0.10898614139672894,34
7894.364497462908,0.1133777740375975,0.10898614139672894,34
7896.833719766515,0.11346319699720003,0.10906514391078703,34
7898.576880209762,0.11346319699720003,0.10906514391078703,34
7899.293764749693,0.11355445521001249,0.10913358356487984,34
7899.987764670037,0.11355445521001249,0.10913358356487984,34
7903.426908468346,0.11362159863056531,0.10924067551844435,34
7904.101700249473,0.11362159863056531,0.10924067551844435,34
7909.008330693638,0.11366785346667548,0.10931033440178661,34
7909.262188060878,0.11366785346667548,0.10931033440178661,34
7914.588506958755,0.11371406096585966,0.1093654476780056,34
7916.227188387183,0.11371406096585966,0.1093654476780056,34
7917.515941436188,0.1137983183948682,0.10939554656420049,34
7918.917056883975,0.1137983183948682,0.10939554656420049,34
7938.0769094996795,0.11362953650909527,0.10948466738217826,34
7938.198855076967,0.11362953650909527,0.10948466738217826,34
7940.584071060839,0.1137195944176134,0.10934470348331732,34
7941.310040497098,0.1137195944176134,0.10934470348331732,34
7949.991075718699,0.11371081947010565,0.1094277890635792,34
7950.296282795385,0.11371081947010565,0.1094277890635792,34
7954.343560281461,0.11377431627657493,0.10942988400101503,34
7954.6381212249935,0.11377431627657493,0.10942988400101503,34
7955.548497990189,0.11388278259241118,0.10949586728225272,34
7955.708240029587,0.11388278259241118,0.10949586728225272,34
7958.701032017929,0.11396332094284363,0.10960683495310747,34
7959.918721291416,0.11396332094284363,0.10960683495310747,34
7965.0522558628145,0.11399799660217558,0.10967448670862366,34
7965.30591196837,0.11399799660217558,0.10967448670862366,34
7969.314136767723,0.11406251333551794,0.10972585480825794,34
7969.405912833188,0.11406251333551794,0.10972585480825794,34
7975.205213049266,0.11410364695205977,0.1097948842825262,34
7975.2280138007145,0.11410364695205977,0.1097948842825262,34
7980.07483265316,0.11415933047047844,0.1098401197412949,34
7981.142426741618,0.11415933047047844,0.1098401197412949,34
7992.1217789408765,0.11411237531478895,0.10988401824048692,34
7992.764588678029,0.11411237531478895,0.10988401824048692,34
8002.353511527651,0.1140914355614,0.10984935065442952,34
8002.881111085419,0.1140914355614,0.10984935065442952,34
8005.4933106391,0.11417160249016971,0.10983544398559514,34
8008.25150628122,0.11417160249016971,0.10983544398559514,34
8009.4579932600855,0.11423993992726691,0.10988665869319635,34
8009.92116360598,0.11423993992726691,0.10988665869319635,34
8017.500606851903,0.11425006930678241,0.10998859814038212,34
8021.279195092612,0.11425006930678241,0.10998859814038212,34
8023.819747677284,0.11428472084825322,0.10995752404923198,34
8025.964916798374,0.11428472084825322,0.10995752404923198,34
8029.34973341478,0.11433055359136615,0.11001792421891575,34
8030.945277378898,0.11433055359136615,0.11001792421891575,34
8037.376924853475,0.11434078662632259,0.1100742153591807,34
8037.911427379445,0.11434078662632259,0.1100742153591807,34
8046.784118237823,0.11433138835113575,0.110103228680206,34
8048.758975337576,0.11433138835113575,0.110103228680206,34
8051.684550962972,0.1143860013604047,0.11007908209387522,34
8051.744451315099,0.1143860013604047,0.11007908209387522,34
8053.159927987168,0.11448922016260611,0.11016246297473158,34
8053.641968026111,0.11448922016260611,0.11016246297473158,34
8062.096879497659,0.11448634440839307,0.11026067504930845,34
8062.189046527347,0.11448634440839307,0.11026067504930845,34
8067.720362049653,0.11453049418352079,0.11026781868665332,34
8068.366166187329,0.11453049418352079,0.11026781868665332,34
8072.845171958826,0.11458165991006546,0.11030733876826088,34
8073.658516076346,0.11458165991006546,0.11030733876826088,34
8077.074771733088,0.11464546586106561,0.11035889098180611,34
8077.849286255785,0.11464546586106561,0.11035889098180611,34
8082.232174710028,0.114696036931562,0.11042543236325428,34
8082.901821494707,0.114696036931562,0.11042543236325428,34
8087.738985423671,0.11474158620505819,0.1104801245544344,34
8090.076045024652,0.11474158620505819,0.1104801245544344,34
8096.581536930173,0.11473978193916037,0.1105057597758682,34
8099.805497363695,0.11483264465115038,0.1105057597758682,35
8103.070171992085,0.11489472264697417,0.11049648047614259,35
8103.728745876205,0.11489472264697417,0.11049648047614259,35
8106.259323181781,0.11497288241627354,0.11056638593140881,35
8106.836775179191,0.11497288241627354,0.11056638593140881,35
8112.837713000579,0.11500291673589076,0.11064734925296099,35
8113.929328452015,0.11500291673589076,0.11064734925296099,35
8123.745279217729,0.11497160089317066,0.11067387496845767,35
8124.789164027079,0.11497160089317066,0.11067387496845767,35
8139.790423789583,0.11486782230502428,0.11064902508244381,35
8140.433240037186,0.11486782230502428,0.11064902508244381,35
8152.990995147477,0.11480449329051036,0.11055922620598616,35
8154.823692643237,0.11480449329051036,0.11055922620598616,35
8179.856142023051,0.11454969179546722,0.11048675409289656,35
8180.04059868358,0.11454969179546722,0.11048675409289656,35
8186.671887144308,0.11457647416808775,0.11026840137506891,35
8187.08945627555,0.11457647416808775,0.11026840137506891,35
8190.301565992386,0.11464779317759165,0.11029560686036408,35
8190.703129056152,0.11464779317759165,0.11029560686036408,35
8193.535525189563,0.1147245895389283,0.11036903496027106,35
8193.789472610762,0.1147245895389283,0.11036903496027106,35
8207.347393824199,0.11465336543547267,0.11044950605884223,35
8208.769430591452,0.11465336543547267,0.11044950605884223,35
8214.151059756672,0.11468014078960764,0.11036977072636837,35
8216.199871018134,0.11468014078960764,0.11036977072636837,35
8216.662595789789,0.11476679114013912,0.11039166697968929,35
8217.113885013196,0.11476679114013912,0.11039166697968929,35
8224.770262309325,0.11477524233423958,0.11050108501673053,35
8225.129891724257,0.11477524233423958,0.11050108501673053,35
8229.603616076929,0.11482934586957466,0.11051497203887242,35
8232.541922594843,0.11482934586957466,0.11051497203887242,35
8238.014252729448,0.11483349882364768,0.11053694090551003,35
8239.048829615693,0.11483349882364768,0.11053694090551003,35
8251.892878004957,0.11476154792607465,0.11057101600434298,35
8252.52211940616,0.11476154792607465,0.11057101600434298,35
8255.047472187538,0.11483883081156718,0.1105116698633734,35
8259.156279469777,0.11483883081156718,0.1105116698633734,35
8265.415087013307,0.1148157702921753,0.11054397920396453,35
8266.515632166147,0.1148157702921753,0.11054397920396453,35
8270.075402588704,0.11487198770916049,0.11056653621309329,35
8270.733340986351,0.11487198770916049,0.11056653621309329,35
8285.531975114316,0.1147783875382219,0.11063106042430802,35
8285.70938031046,0.1147783875382219,0.11063106042430802,35
8289.609993761116,0.11484255600884594,0.11055178958807244,35
8291.116296404678,0.11484255600884594,0.11055178958807244,35
8296.163241880999,0.11487237801554219,0.11060030606465425,35
8296.233968292678,0.11487237801554219,0.11060030606465425,35
8298.268346285122,0.11496374426443756,0.11065261701978249,35
8300.498058793954,0.11496374426443756,0.11065261701978249,35
8301.19433012761,0.11504368672999363,0.11071624780712604,35
8301.78002557962,0.11504368672999363,0.11071624780712604,35
8310.56319428399,0.11503432170006689,0.11081960701985318,35
8311.52485369359,0.11503432170006689,0.11081960701985318,35
8312.83946304342,0.11512311819018721,0.11080999169372793,35
8313.589812289189,0.11512311819018721,0.11080999169372793,35
8319.56410793697,0.11515026359206196,0.11090275330123879,35
8320.228668900007,0.11515026359206196,0.11090275330123879,35
8336.68501538099,0.11503373322017892,0.11093445105061363,35
8337.05509549477,0.11503373322017892,0.11093445105061363,35
8345.021952944991,0.1150386428475736,0.11083050182783569,35
8345.025929400132,0.1150386428475736,0.11083050182783569,35
8348.051087567143,0.11511668890374059,0.11084447284233809,35
8348.280362823496,0.11511668890374059,0.11084447284233809,35
8355.98910100767,0.11512700511827977,0.11092104718040577,35
8356.049788840815,0.11512700511827977,0.11092104718040577,35
8360.593884185806,0.11518320508564943,0.11093758694903577,35
8362.535605996996,0.11518320508564943,0.11093758694903577,35
8386.599076346873,0.1149452824946426,0.11097112690731105,35
8389.892828490378,0.1149452824946426,0.11097112690731105,35
8390.907582405189,0.11500543779358254,0.11072847043353212,35
8391.696008602728,0.11500543779358254,0.11072847043353212,35
8394.05620231835,0.11508143104083589,0.11082384288546827,35
8397.279843719407,0.11508143104083589,0.11082384288546827,35
8398.906628283128,0.11513403384479229,0.11086923591052221,35
8400.294298126826,0.11513403384479229,0.11086923591052221,35
8403.252392620781,0.11519349351568185,0.1109484938173923,35
8404.116944966225,0.11519349351568185,0.1109484938173923,35
8415.097720613629,0.11515017795055868,0.11101701774376602,35
8416.394974742278,0.11515017795055868,0.11101701774376602,35
8429.52374781914,0.11507174414817391,0.11097387929189961,35
8430.452475015629,0.11507174414817391,0.11097387929189961,35
8435.840449331015,0.11510412102175342,0.11090745161910977,35
8437.689213510432,0.11510412102175342,0.11090745161910977,35
8438.615462217082,0.11518477223568449,0.11093084567529181,35
8440.914719376591,0.11518477223568449,0.11093084567529181,35
8441.281373321468,0.11526686020384898,0.11100692651817275,35
8441.347758563263,0.11526686020384898,0.11100692651817275,35
8462.083266039086,0.11510167997388518,0.11111969638360804,35
8462.838090247715,0.11510167997388518,0.11111969638360804,35
8464.912218524536,0.11518134799629924,0.11095568531342594,35
8465.797179960067,0.11518134799629924,0.11095568531342594,35
8469.71596389439,0.11523408862358514,0.11103502482024191,35
8471.05426935667,0.11523408862358514,0.11103502482024191,35
8472.565597681285,0.1153133591869007,0.11108416615910358,35
8474.985845345074,0.1153133591869007,0.11108416615910358,35
8479.87066878092,0.11533194764403155,0.11115062811785083,35
8479.953149950952,0.11533194764403155,0.11115062811785083,35
8504.642266607983,0.11511360140847726,0.11120344456212641,35
8506.143921838266,0.11511360140847726,0.11120344456212641,35
8507.382426834938,0.11519406920144724,0.11097860660180223,35
8507.797620683343,0.11519406920144724,0.11097860660180223,35
8511.415523287764,0.11525697427365904,0.11107457442365654,35
8512.227105896214,0.11525697427365904,0.11107457442365654,35
8518.071014678319,0.11528431710745544,0.1111342529083521,35
8519.485366879208,0.11528431710745544,0.1111342529083521,35
8525.898037099843,0.11529577244796324,0.11115694894924126,35
8529.073288878999,0.1153821928509064,0.11115694894924126,36
8535.528448136141,0.11540000200164399,0.11114923836287006,36
8535.607052008576,0.11540000200164399,0.11114923836287006,36
8539.634986324163,0.11546160949256427,0.11118131308266867,36
8539.706126599778,0.11546160949256427,0.11118131308266867,36
8543.764794009467,0.11552284312555554,0.11124504589694327,36
8544.337529461394,0.11552284312555554,0.11124504589694327,36
8545.36987810998,0.11561816680760467,0.11130178281474652,36
8546.51369820267,0.11561816680760467,0.11130178281474652,36
8557.414141616879,0.1155722959801889,0.11139044920740084,36
8557.611635508569,0.1155722959801889,0.11139044920740084,36
8557.763917149638,0.11568442522889116,0.11136284755499591,36
8560.97175494358,0.11568442522889116,0.11136284755499591,36
8565.273860408957,0.11569974482435098,0.11143594761296897,36
8569.521960625485,0.11569974482435098,0.11143594761296897,36
8569.54784282138,0.11575873292206286,0.11144145547300692,36
8570.297180657988,0.11575873292206286,0.11144145547300692,36
8586.21032795936,0.11565055619083596,0.11154805718494382,36
8586.419880562064,0.11565055619083596,0.11154805718494382,36
8592.252961985874,0.11568560706926195,0.11145506664150638,36
8594.490157877119,0.11568560706926195,0.11145506664150638,36
8603.306809275755,0.11565320429200888,0.11146676328693716,36
8603.949748222967,0.11565320429200888,0.11146676328693716,36
8607.251764677334,0.11571637814608968,0.11146043713215188,36
8608.108298653899,0.11571637814608968,0.11146043713215188,36
8614.412322513028,0.11573627575202385,0.11152276048270919,36
8614.472051283174,0.11573627575202385,0.11152276048270919,36
8617.253652643692,0.11581416077891858,0.11155645920945947,36
8618.06722963401,0.11581416077891858,0.11155645920945947,36
8633.330648232994,0.11571432170323141,0.11162595676813418,36
8635.786149926727,0.11571432170323141,0.11162595676813418,36
8637.066027608453,0.11578005734858246,0.11151271966225922,36
8638.280826396984,0.11578005734858246,0.11151271966225922,36
8656.394249018214,0.11563706217672916,0.11159627932611253,36
8659.420561298706,0.11563706217672916,0.11159627932611253,36
8669.420595452943,0.11557865822377367,0.11143932705068584,36
8669.519711507523,0.11557865822377367,0.11143932705068584,36
8684.800260464413,0.11548912697116713,0.11142485767899875,36
8685.593811879846,0.11548912697116713,0.11142485767899875,36
8687.352767071623,0.11557030397171651,0.11133378107981194,36
8688.863155686604,0.11557030397171651,0.11133378107981194,36
8692.549703214228,0.11561625004322759,0.11140697956170165,36
8693.27621539908,0.11561625004322759,0.11140697956170165,36
8706.267303459961,0.11554894479293154,0.11146545628948663,36
8706.643523642128,0.11554894479293154,0.11146545628948663,36
8715.236263548553,0.11554477349188733,0.11140917821730613,36
8717.75762285449,0.11554477349188733,0.11140917821730613,36
8720.100905780822,0.11559499263727165,0.11138185322501105,36
8720.712713174411,0.11559499263727165,0.11138185322501105,36
8759.614108864866,0.11518772259372434,0.11145878002970976,36
8761.78261553652,0.11518772259372434,0.11145878002970976,36
8762.148438365108,0.11526853340873687,0.11105046115554867,36
8762.277494306121,0.11526853340873687,0.11105046115554867,36
8775.605703298177,0.11520572302149254,0.11115831479120833,36
8776.20554786979,0.11520572302149254,0.11115831479120833,36
8782.755998464001,0.11522579019353227,0.11109584827769417,36
8785.10620029285,0.11522579019353227,0.11109584827769417,36
8793.327318624539,0.11520098857851394,0.11109712025649333,36
8795.513064507546,0.11520098857851394,0.11109712025649333,36
8799.058896131644,0.11523959686709084,0.11107936431161466,36
8799.529715360799,0.11523959686709084,0.11107936431161466,36
8802.709909139166,0.11530540145895353,0.11114230324067949,36
8805.199236341525,0.11530540145895353,0.11114230324067949,36
8818.230963657397,0.11521585272457072,0.11118430982906016,36
8818.68493454928,0.11521585272457072,0.11118430982906016,36
8846.5613710565,0.11495992141391147,0.11112768029172,36
8848.447972386473,0.11495992141391147,0.11112768029172,36
8850.323422536796,0.11502404504311409,0.11086690039444501,36
8851.090345547082,0.11502404504311409,0.11086690039444501,36
8851.573022298217,0.11512078106716307,0.11094678301346647,36
8851.714742306973,0.11512078106716307,0.11094678301346647,36
8857.225794876807,0.11516021196952977,0.1110519293286451,36
8857.261860070814,0.11516021196952977,0.1110519293286451,36
8863.46961069974,0.11519191071264875,0.11109528153795974,36
8863.4858169394,0.11519191071264875,0.11109528153795974,36
8874.803395494544,0.11515748061741142,0.11113009264566351,36
8874.962768993195,0.11515748061741142,0.11113009264566351,36
8889.196291176586,0.11508352009454775,0.11109905761462198,36
8889.5199906993,0.11508352009454775,0.11109905761462198,36
8900.861048625682,0.11504504950766628,0.11102961701336553,36
8901.127606113627,0.11504504950766628,0.11102961701336553,36
8932.370500015515,0.11475117383433878,0.11099717291114945,36
8937.356249439694,0.11475117383433878,0.11099717291114945,36
8938.93332157372,0.11477879553299658,0.1106591224963202,36
8939.356729984074,0.11477879553299658,0.1106591224963202,36
8942.999276081637,0.11483843040743023,0.11074622368289398,36
8944.004680461034,0.11483843040743023,0.11074622368289398,36
8951.538794821847,0.11484059037923873,0.11080047868992363,36
8951.955759196837,0.11484059037923873,0.11080047868992363,36
8958.291248093756,0.11486565590496536,0.11081377373663445,36
8959.31920480373,0.11486565590496536,0.11081377373663445,36
8961.761561627036,0.11493276103331188,0.1108343142264182,36
8961.914461183807,0.11493276103331188,0.1108343142264182,36
8978.76997552577,0.11482641863086905,0.11091380132060527,36
8978.851363713125,0.11482641863086905,0.11091380132060527,36
9018.922055232963,0.11442609146413596,0.11081595626152858,36
9019.526501720993,0.11442609146413596,0.11081595626152858,36
9034.53956601797,0.11433897571111101,0.11042708281969743,36
9035.827215894658,0.11433897571111101,0.11042708281969743,36
9042.510846107145,0.11434877077810121,0.11033854191525559,36
9042.944118461464,0.11434877077810121,0.11033854191525559,36
9045.371211635964,0.11442316470866074,0.11036228764950018,36
9045.91502147389,0.11442316470866074,0.11036228764950018,36
9050.705535018998,0.11446621437317873,0.11043658907125448,36
9050.834147302296,0.11446621437317873,0.11043658907125448,36
9055.766388568421,0.11451267131946564,0.11048705386984264,36
9055.810256927169,0.11451267131946564,0.11048705386984264,36
9069.009379284249,0.11445572019927956,0.11053676828468145,36
9069.767026446041,0.11445572019927956,0.11053676828468145,36
9079.251134634205,0.1144367508501416,0.11047692813699873,36
9080.56234496622,0.1144367508501416,0.11047692813699873,36
9080.807470516393,0.11452726019978694,0.11045571429351067,36
9083.3573964651,0.11452726019978694,0.11045571429351067,36
9090.948156921573,0.11450950792271476,0.11053181727614493,36
9091.061843847383,0.11450950792271476,0.11053181727614493,36
9096.71827907304,0.1145468033672227,0.1105481424791055,36
9097.112049460602,0.1145468033672227,0.1105481424791055,36
9107.743078813335,0.11451794269715988,0.11058454535136225,36
9111.554092878467,0.11461396058102649,0.11058454535136225,37
9135.76914478538,0.11438555237535498,0.1105190168148225,37
9135.79381899227,0.11438555237535498,0.1105190168148225,37
9151.938559290096,0.1142927253306579,0.11033523960495731,37
9152.249310639208,0.1142927253306579,0.11033523960495731,37
9154.951476077093,0.11436434182485047,0.11024612264736589,37
9155.040485271635,0.11436434182485047,0.11024612264736589,37
9159.641319641449,0.11441496052391532,0.11032174042538194,37
9160.954243245262,0.11441496052391532,0.11032174042538194,37
9189.146276410205,0.11415641545427636,0.11035968231644108,37
9189.346513004642,0.11415641545427636,0.11035968231644108,37
9193.849304713207,0.11420678816888154,0.11012752632277288,37
9196.94752012114,0.11420678816888154,0.11012752632277288,37
9201.315381271765,0.11422279929010927,0.11014524088386414,37
9202.148678702923,0.11422279929010927,0.11014524088386414,37
9209.564993710606,0.11422906518586183,0.11019165581911974,37
9210.02794558766,0.11422906518586183,0.11019165581911974,37
9211.880319119971,0.1143089101813901,0.1102059631085339,37
9214.776320592471,0.1143089101813901,0.1102059631085339,37
9214.776558264733,0.11438150380919083,0.11025769532023491,37
9214.835947631418,0.11438150380919083,0.11025769532023491,37
9227.936425460932,0.11432675208827126,0.11036550252003235,37
9230.562232454115,0.11432675208827126,0.11036550252003235,37
9245.787718133139,0.11421417322062657,0.11028580647241311,37
9245.887482763743,0.11421417322062657,0.11028580647241311,37
9266.6838435155,0.11406453676949942,0.11021116165426283,37
9266.82436465966,0.11406453676949942,0.11021116165426283,37
9282.769908548618,0.11397460137686648,0.11007006929902693,37
9283.552809536162,0.11397460137686648,0.11007006929902693,37
9298.993251109714,0.11388329590126567,0.10997944654887061,37
9299.155223830281,0.11388329590126567,0.10997944654887061,37
9309.602270520854,0.1138609329591365,0.10990245623398065,37
9309.722936191756,0.1138609329591365,0.10990245623398065,37
9327.711393803247,0.1137470870619842,0.10988511763578533,37
9329.475176184249,0.1137470870619842,0.10988511763578533,37
9330.430072896705,0.11382111989509759,0.10975965750077868,37
9330.783949652114,0.11382111989509759,0.10975965750077868,37
9338.866869937508,0.11382537247873982,0.10985143429863851,37
9339.220588200125,0.11382537247873982,0.10985143429863851,37
9343.080536185222,0.11388106908414075,0.10985927469111563,37
9344.394451218319,0.11388106908414075,0.10985927469111563,37
9363.32765595419,0.11374161400009972,0.10990546314813371,37
9363.8990267766,0.11374161400009972,0.10990546314813371,37
9372.706885859034,0.11373448599020157,0.10978332819057272,37
9373.86075537242,0.11373448599020157,0.10978332819057272,37
9374.483643898899,0.11381960228758038,0.10977333959332088,37
9377.2801587708,0.11381960228758038,0.10977333959332088,37
9389.601904408952,0.11374284137632218,0.10983995173020566,37
9390.405908878818,0.11374284137632218,0.10983995173020566,37
9418.537622611768,0.11349957316447662,0.10979291097791297,37
9419.052208050647,0.11349957316447662,0.10979291097791297,37
9440.497374871304,0.11334148588909349,0.10956516401065593,37
9441.351348469989,0.11334148588909349,0.10956516401065593,37
9447.898778665827,0.1133585387703783,0.10941230358590585,37
9448.184322089455,0.1133585387703783,0.10941230358590585,37
9454.962004872732,0.11337962008176569,0.10943901650844721,37
9456.527158967478,0.11337962008176569,0.10943901650844721,37
9467.848728277086,0.11333091928215244,0.10944821313377455,37
9468.546251559064,0.11333091928215244,0.10944821313377455,37
9471.248529420272,0.11339582069500806,0.10941489564244512,37
9472.20779046582,0.11339582069500806,0.10941489564244512,37
9473.944345556962,0.11346910650833067,0.10947817266464367,37
9474.095976486451,0.11346910650833067,0.10947817266464367,37
9478.541496881355,0.11351957475251095,0.10956190464780906,37
9479.534069417694,0.11351957475251095,0.10956190464780906,37
9482.25548774027,0.11358057177350547,0.10960454304942684,37
9483.071303479168,0.11358057177350547,0.10960454304942684,37
9494.586399027743,0.11353838436926421,0.10966911106304165,37
9494.799620357791,0.11353838436926421,0.10966911106304165,37
9497.417835880542,0.11360982728627753,0.10963896465682044,37
9500.702312766876,0.11360982728627753,0.10963896465682044,37
9510.60767100038,0.11355741266597737,0.10967610242874137,37
9512.066183753088,0.11355741266597737,0.10967610242874137,37
9527.529921388597,0.11346067752285251,0.10965020426176988,37
9528.585598636078,0.11346067752285251,0.10965020426176988,37
9539.267286395569,0.1134259023796403,0.10956505445566214,37
9541.785781695142,0.11350470427383502,0.10956505445566214,38
9544.355662025817,0.11357497964089049,0.10951828346479091,38
9548.897312725672,0.11364443788077942,0.10951828346479091,39
9557.2636224576,0.11363085114112828,0.1095414439744798,39
9558.459696283633,0.11363085114112828,0.1095414439744798,39
9560.764180335158,0.11369384073249829,0.10953647692913093,39
9563.02302150798,0.11378095656628755,0.10953647692913093,40
9565.602490033563,0.1138454165469068,0.10958877727711905,40
9566.943301315507,0.1138454165469068,0.10958877727711905,40
9569.703981008566,0.1139011198426979,0.10964839729485559,40
9569.840342221785,0.1139011198426979,0.10964839729485559,40
9590.77486605215,0.11375514650664387,0.10971969880912626,40
9592.849083076537,0.11375514650664387,0.10971969880912626,40
9593.464081769225,0.1138274965843843,0.10956077708489627,40
9595.334329961599,0.1138274965843843,0.10956077708489627,40
9597.60626767677,0.11388256295541652,0.10963661752932481,40
9598.168105900619,0.11388256295541652,0.10963661752932481,40
9605.875150077401,0.11388863408152716,0.1097084348160825,40
9607.814311239084,0.11388863408152716,0.1097084348160825,40
9618.838435226424,0.11383910930345345,0.10970236995182617,40
9620.366818309818,0.11383910930345345,0.10970236995182617,40
9660.969623831423,0.11344616976089195,0.1096631781224898,40
9662.079035373983,0.11344616976089195,0.1096631781224898,40
9664.015796944073,0.11351388729588895,0.10929324797839704,40
9664.04465437809,0.11351388729588895,0.10929324797839704,40
9677.854212676744,0.11345490186882141,0.10937449461402773,40
9678.639467579304,0.11345490186882141,0.10937449461402773,40
9682.005035085453,0.11350954642323219,0.10931288468219111,40
9685.892532247886,0.11350954642323219,0.10931288468219111,40
9691.524175219047,0.11350123882605265,0.10933427110348384,40
9691.626138742437,0.11350123882605265,0.10933427110348384,40
9695.657190721748,0.11355599505452825,0.1093727703509561,40
9697.689585769229,0.11355599505452825,0.1093727703509561,40
9699.842116479827,0.11361009661463718,0.10940750274755681,40
9701.698249234592,0.11361009661463718,0.10940750274755681,40
9703.520836844325,0.1136700810505711,0.10946537118733678,40
9704.113043276247,0.1136700810505711,0.10946537118733678,40
9712.194013776816,0.113671534818391,0.10954118065808474,40
9712.338979850389,0.113671534818391,0.10954118065808474,40
9722.745973051919,0.11365102030462144,0.10955136576342912,40
9722.772874032496,0.11365102030462144,0.10955136576342912,40
9731.365596580945,0.11365311363788308,0.10953665315420393,40
9733.752032610544,0.11365311363788308,0.10953665315420393,40
9735.773082801481,0.11370437566540523,0.10951583689708028,40
9735.90255790438,0.11370437566540523,0.10951583689708028,40
9745.659591584024,0.11369163775808731,0.10959435898767543,40
9746.229788617367,0.11369163775808731,0.10959435898767543,40
9746.718179068126,0.11378188838799794,0.10958083517046954,40
9747.747109568076,0.11378188838799794,0.10958083517046954,40
9749.040376261102,0.11385736002313092,0.1096663657749906,40
9750.163938433521,0.11385736002313092,0.1096663657749906,40
9761.239543219603,0.11381751211829731,0.10974174452413445,40
9761.402539631426,0.11381751211829731,0.10974174452413445,40
9764.905540362071,0.1138771896362623,0.10971783979317783,40
9764.936612266265,0.1138771896362623,0.10971783979317783,40
9774.124466867608,0.1138720919477601,0.10978053852939534,40
9774.209595357039,0.1138720919477601,0.10978053852939534,40
9788.365385579133,0.11380858357016571,0.10977869765650393,40
9788.957824109302,0.11380858357016571,0.10977869765650393,40
9802.169672932821,0.11375032642812748,0.10971545891788775,40
9802.658190026801,0.11375032642812748,0.10971545891788775,40
9807.592860818879,0.1137893890822483,0.10966413182637565,40
9807.637022637533,0.1137893890822483,0.10966413182637565,40
9820.975924176435,0.11373615093081181,0.1097104223490762,40
9821.00991476998,0.11373615093081181,0.1097104223490762,40
9825.43137869976,0.11378635267085337,0.10966285640138514,40
9826.002170970592,0.11378635267085337,0.10966285640138514,40
9831.867869642105,0.1138135718295341,0.10970891123806024,40
9833.363961864648,0.1138135718295341,0.10970891123806024,40
9837.605364198997,0.11384884415834598,0.10972847178082026,40
9838.865847551362,0.11384884415834598,0.10972847178082026,40
9856.15993564638,0.11373597905465435,0.10976874944064655,40
9856.996932611308,0.11373597905465435,0.10976874944064655,40
9865.867496933344,0.11372542762699345,0.10966829018923335,40
9867.729826776747,0.11372542762699345,0.10966829018923335,40
9869.352559803052,0.1137865927065848,0.109650347039693,40
9870.47103567954,0.1137865927065848,0.109650347039693,40
9874.225381293258,0.11383171404304995,0.1097212074363217,40
9877.141801535683,0.11383171404304995,0.1097212074363217,40
9877.296313214343,0.11389756511555885,0.10974834843734463,40
9878.676322564765,0.11389756511555885,0.10974834843734463,40
9881.677064694348,0.11394826937049157,0.10983252862751003,40
9882.3216327649,0.11394826937049157,0.10983252862751003,40
9894.339893502582,0.11390350565378078,0.10989320529695776,40
9895.560587442318,0.11390350565378078,0.10989320529695776,40
9899.067977360017,0.11395012162557412,0.10984723810184405,40
9899.27603933636,0.11395012162557412,0.10984723810184405,40
9903.573463220615,0.11399925533877468,0.10990702710750337,40
9905.018615313938,0.11399925533877468,0.10990702710750337,40
9927.331450574666,0.11382716550020977,0.1099442658609768,40
9928.347874537509,0.11382716550020977,0.1099442658609768,40
9934.00958887627,0.11385130947190258,0.109786644643611,40
9934.983293714373,0.11385130947190258,0.109786644643611,40
9942.523170900016,0.11385439898326424,0.1098139742912552,40
9942.961316231056,0.11385439898326424,0.1098139742912552,40
9950.580512224029,0.11386270364911263,0.10982643553258133,40
9951.349815472433,0.11386270364911263,0.10982643553258133,40
9953.392101338757,0.11393100848980661,0.1098343461206233,40
9954.160912399311,0.11393100848980661,0.1098343461206233,40
9956.030081796858,0.1140012626192423,0.10990378894089091,40
9956.96038447218,0.1140012626192423,0.10990378894089091,40
9961.602818631585,0.11403787329035983,0.10997332094517981,40
9965.360605396578,0.11410884059067632,0.10997332094517981,41
9970.486509263574,0.11413685770926874,0.10998096741290818,41
9971.356579856265,0.11413685770926874,0.10998096741290818,41
9975.062640968106,0.11418474660219849,0.11001512093310507,41
9975.083202004002,0.11418474660219849,0.11001512093310507,41
9979.399400801683,0.11423533162811576,0.11007426983460258,41
9980.73960702537,0.11423533162811576,0.11007426983460258,41
9986.64980394841,0.11425252936664347,0.11011208019357822,41
9987.468491062577,0.11425252936664347,0.11011208019357822,41
9996.69652098776,0.11423773819705398,0.11013801955764367,41
9997.1150385025,0.11423773819705398,0.11013801955764367,41
